2017-12-08 00:00:55.948,100.00,1,100.00,1,100.00,1
2017-12-08 00:01:55.149,100.00,2,100.00,3,100.00,2
2017-12-08 00:02:28.208,100.00,2,100.00,2,100.00,1
2017-12-08 00:03:12.727,100.00,2,100.00,1,100.00,3
2017-12-08 00:03:46.822,100.00,3,100.00,3,100.00,3
2017-12-08 00:04:23.132,99.99,3,99.99,3,99.99,2
2017-12-08 00:04:26.615,99.99,1,99.99,3,99.99,1
2017-12-08 00:05:35.427,100.01,3,100.01,1,100.01,3
2017-12-08 00:05:46.818,100.02,2,100.02,2,100.02,2
2017-12-08 00:07:03.594,100.03,3,100.03,3,100.03,3
2017-12-08 00:07:49.290,100.03,3,100.03,1,100.03,1
2017-12-08 00:08:04.119,100.03,1,100.03,2,100.03,1
2017-12-08 00:11:28.377,100.03,3,100.03,2,100.03,3
2017-12-08 00:11:32.296,100.03,3,100.03,2,100.03,2
2017-12-08 00:11:48.075,100.03,3,100.03,2,100.03,3
2017-12-08 00:16:20.568,100.00,3,100.00,2,100.00,2
2017-12-08 00:19:33.127,100.00,3,100.00,2,100.00,1
2017-12-08 00:20:22.232,99.99,3,99.99,2,99.99,2
2017-12-08 00:22:20.217,99.97,2,99.97,3,99.97,1
2017-12-08 00:25:28.502,99.98,3,99.98,2,99.98,2
2017-12-08 00:26:04.257,99.98,2,99.98,1,99.98,2
2017-12-08 00:29:13.161,100.02,3,100.02,1,100.02,1
2017-12-08 00:29:27.710,100.02,1,100.02,3,100.02,1
2017-12-08 00:30:27.740,100.02,2,100.02,2,100.02,2
2017-12-08 00:32:29.969,100.02,2,100.02,3,100.02,2
2017-12-08 00:32:57.777,100.02,1,100.02,3,100.02,1
2017-12-08 00:34:09.920,100.02,1,100.02,3,100.02,1
2017-12-08 00:34:51.947,100.02,2,100.02,2,100.02,2
2017-12-08 00:37:42.898,99.99,1,99.99,3,99.99,2
2017-12-08 00:38:10.352,99.99,1,99.99,1,99.99,1
2017-12-08 00:50:52.451,100.05,3,100.05,3,100.05,3
2017-12-08 00:52:13.026,100.04,1,100.04,1,100.04,1
2017-12-08 00:52:14.311,100.05,2,100.05,3,100.05,1
2017-12-08 00:52:45.889,100.06,3,100.06,3,100.06,2
2017-12-08 00:53:02.801,100.06,2,100.06,2,100.06,1
2017-12-08 00:53:21.549,100.06,1,100.06,3,100.06,3
2017-12-08 00:53:42.684,100.06,2,100.06,3,100.06,3
2017-12-08 00:55:01.924,100.04,1,100.04,3,100.04,1
2017-12-08 00:57:52.117,100.04,3,100.04,2,100.04,1
2017-12-08 01:00:16.127,100.03,2,100.03,3,100.03,2
2017-12-08 01:01:26.826,100.02,1,100.02,2,100.02,1
2017-12-08 01:01:48.295,100.03,2,100.03,1,100.03,2
2017-12-08 01:02:04.991,100.02,3,100.02,1,100.02,1
2017-12-08 01:03:43.623,100.02,3,100.02,3,100.02,3
2017-12-08 01:07:11.513,100.03,1,100.03,3,100.03,3
2017-12-08 01:08:44.628,100.00,3,100.00,3,100.00,2
2017-12-08 01:11:06.127,99.98,2,99.98,2,99.98,2
2017-12-08 01:13:17.486,99.96,3,99.96,2,99.96,3
2017-12-08 01:17:26.187,99.95,2,99.95,2,99.95,2
2017-12-08 01:19:01.714,99.94,3,99.94,2,99.94,2
2017-12-08 01:19:08.021,99.94,3,99.94,2,99.94,2
2017-12-08 01:19:39.960,99.94,1,99.94,3,99.94,1
2017-12-08 01:19:51.399,99.94,1,99.94,2,99.94,1
2017-12-08 01:21:22.825,99.94,2,99.94,1,99.94,1
2017-12-08 01:24:35.999,99.92,1,99.92,1,99.92,2
2017-12-08 01:25:18.938,99.92,2,99.92,1,99.92,2
2017-12-08 01:28:11.127,99.92,1,99.92,2,99.92,3
2017-12-08 01:28:30.335,99.91,2,99.91,3,99.91,1
2017-12-08 01:29:37.296,99.91,2,99.91,3,99.91,1
2017-12-08 01:33:08.246,99.88,1,99.88,1,99.88,1
2017-12-08 01:34:15.630,99.89,2,99.89,2,99.89,1
2017-12-08 01:35:43.061,99.90,3,99.90,1,99.90,3
2017-12-08 01:35:52.189,99.89,3,99.89,2,99.89,1
2017-12-08 01:37:12.106,99.88,1,99.88,2,99.88,2
2017-12-08 01:41:41.829,99.88,3,99.88,2,99.88,2
2017-12-08 01:41:57.370,99.88,3,99.88,1,99.88,3
2017-12-08 01:43:24.414,99.90,1,99.90,1,99.90,2
2017-12-08 01:43:41.348,99.90,2,99.90,2,99.90,1
2017-12-08 01:44:33.778,99.90,2,99.90,3,99.90,1
2017-12-08 01:46:04.441,99.92,3,99.92,1,99.92,3
2017-12-08 01:46:59.697,99.91,3,99.91,1,99.91,2
2017-12-08 01:49:23.854,99.91,2,99.91,1,99.91,2
2017-12-08 01:50:37.202,99.90,3,99.90,1,99.90,1
2017-12-08 01:51:43.281,99.90,3,99.90,3,99.90,2
2017-12-08 01:55:15.395,99.91,1,99.91,2,99.91,2
2017-12-08 01:56:07.199,99.93,1,99.93,3,99.93,3
2017-12-08 01:58:20.298,99.91,3,99.91,1,99.91,1
2017-12-08 01:59:00.626,99.91,2,99.91,2,99.91,2
2017-12-08 02:00:08.773,99.91,3,99.91,1,99.91,3
2017-12-08 02:07:19.699,99.89,2,99.89,2,99.89,3
2017-12-08 02:09:13.570,99.88,3,99.88,3,99.88,2
2017-12-08 02:10:23.526,99.89,1,99.89,1,99.89,2
2017-12-08 02:12:27.102,99.88,2,99.88,2,99.88,2
2017-12-08 02:20:51.922,99.85,3,99.85,3,99.85,2
2017-12-08 02:21:01.355,99.85,3,99.85,1,99.85,1
2017-12-08 02:23:07.978,99.83,3,99.83,1,99.83,2
2017-12-08 02:24:20.253,99.85,2,99.85,3,99.85,3
2017-12-08 02:25:48.302,99.86,2,99.86,3,99.86,1
2017-12-08 02:28:06.989,99.84,1,99.84,1,99.84,1
2017-12-08 02:28:12.480,99.84,3,99.84,2,99.84,2
2017-12-08 02:28:51.776,99.84,3,99.84,3,99.84,3
2017-12-08 02:29:03.560,99.83,2,99.83,1,99.83,2
2017-12-08 02:31:17.842,99.85,3,99.85,1,99.85,2
2017-12-08 02:32:17.636,99.84,1,99.84,2,99.84,3
2017-12-08 02:32:46.722,99.85,2,99.85,1,99.85,2
2017-12-08 02:33:44.211,99.85,3,99.85,1,99.85,3
2017-12-08 02:33:57.373,99.84,2,99.84,1,99.84,2
2017-12-08 02:35:11.945,99.84,2,99.84,3,99.84,3
2017-12-08 02:35:39.662,99.84,2,99.84,2,99.84,2
2017-12-08 02:38:35.647,99.84,2,99.84,1,99.84,2
2017-12-08 02:40:15.630,99.82,3,99.82,3,99.82,1
2017-12-08 02:40:48.445,99.83,2,99.83,3,99.83,2
2017-12-08 02:43:33.131,99.85,1,99.85,3,99.85,3
2017-12-08 02:45:46.907,99.86,3,99.86,1,99.86,3
2017-12-08 02:51:21.959,99.83,1,99.83,2,99.83,2
2017-12-08 02:52:43.389,99.85,2,99.85,2,99.85,2
2017-12-08 02:53:49.549,99.85,3,99.85,1,99.85,2
2017-12-08 02:56:59.427,99.88,3,99.88,2,99.88,3
2017-12-08 02:57:02.651,99.88,3,99.88,2,99.88,3
2017-12-08 02:58:55.229,99.87,1,99.87,2,99.87,1
2017-12-08 03:02:43.851,99.83,2,99.83,2,99.83,1
2017-12-08 03:08:25.176,99.82,2,99.82,2,99.82,3
2017-12-08 03:13:09.559,99.80,3,99.80,3,99.80,1
2017-12-08 03:13:40.815,99.81,1,99.81,2,99.81,2
2017-12-08 03:16:12.532,99.78,1,99.78,3,99.78,1
2017-12-08 03:16:53.598,99.78,3,99.78,2,99.78,1
2017-12-08 03:17:34.037,99.79,2,99.79,2,99.79,1
2017-12-08 03:18:03.992,99.79,2,99.79,2,99.79,3
2017-12-08 03:20:16.863,99.80,3,99.80,2,99.80,3
2017-12-08 03:20:35.683,99.80,3,99.80,2,99.80,1
2017-12-08 03:24:08.788,99.78,2,99.78,2,99.78,2
2017-12-08 03:24:26.068,99.78,2,99.78,1,99.78,3
2017-12-08 03:29:12.719,99.82,3,99.82,3,99.82,1
2017-12-08 03:29:36.744,99.82,3,99.82,1,99.82,2
2017-12-08 03:30:46.754,99.83,2,99.83,1,99.83,3
2017-12-08 03:31:33.357,99.84,1,99.84,3,99.84,1
2017-12-08 03:31:37.440,99.84,2,99.84,1,99.84,3
2017-12-08 03:31:56.321,99.84,1,99.84,1,99.84,3
2017-12-08 03:32:00.442,99.85,1,99.85,2,99.85,2
2017-12-08 03:32:32.389,99.85,1,99.85,1,99.85,1
2017-12-08 03:33:14.877,99.83,2,99.83,2,99.83,2
2017-12-08 03:35:18.384,99.83,3,99.83,2,99.83,2
2017-12-08 03:35:41.481,99.82,2,99.82,2,99.82,3
2017-12-08 03:38:51.034,99.82,2,99.82,2,99.82,1
2017-12-08 03:42:15.977,99.83,2,99.83,3,99.83,3
2017-12-08 03:44:02.456,99.82,2,99.82,2,99.82,1
2017-12-08 03:44:09.240,99.81,2,99.81,2,99.81,1
2017-12-08 03:47:57.148,99.83,3,99.83,1,99.83,1
2017-12-08 03:49:06.195,99.82,1,99.82,2,99.82,1
2017-12-08 03:49:08.799,99.82,3,99.82,2,99.82,1
2017-12-08 03:49:29.703,99.84,3,99.84,1,99.84,2
2017-12-08 03:51:10.743,99.84,2,99.84,2,99.84,1
2017-12-08 03:52:04.685,99.85,2,99.85,3,99.85,2
2017-12-08 03:55:09.568,99.84,2,99.84,2,99.84,1
2017-12-08 03:55:26.028,99.84,1,99.84,2,99.84,2
2017-12-08 03:56:39.701,99.84,1,99.84,3,99.84,2
2017-12-08 03:57:02.001,99.84,1,99.84,1,99.84,3
2017-12-08 03:59:43.811,99.83,2,99.83,3,99.83,3
2017-12-08 04:01:43.987,99.83,3,99.83,2,99.83,2
2017-12-08 04:04:47.754,99.81,2,99.81,1,99.81,1
2017-12-08 04:08:09.669,99.81,3,99.81,1,99.81,2
2017-12-08 04:09:10.670,99.81,3,99.81,3,99.81,3
2017-12-08 04:09:26.205,99.82,3,99.82,2,99.82,1
2017-12-08 04:09:53.503,99.83,2,99.83,2,99.83,3
2017-12-08 04:10:04.285,99.83,3,99.83,2,99.83,2
2017-12-08 04:10:09.687,99.83,2,99.83,3,99.83,2
2017-12-08 04:12:27.091,99.84,1,99.84,2,99.84,2
2017-12-08 04:12:28.139,99.84,3,99.84,1,99.84,3
2017-12-08 04:15:07.667,99.86,1,99.86,2,99.86,1
2017-12-08 04:20:06.428,99.85,3,99.85,2,99.85,1
2017-12-08 04:22:42.773,99.85,3,99.85,2,99.85,2
2017-12-08 04:23:14.250,99.85,1,99.85,2,99.85,2
2017-12-08 04:24:15.023,99.85,1,99.85,3,99.85,2
2017-12-08 04:24:20.159,99.85,1,99.85,3,99.85,3
2017-12-08 04:24:51.797,99.87,1,99.87,1,99.87,3
2017-12-08 04:25:28.075,99.88,1,99.88,3,99.88,3
2017-12-08 04:26:14.672,99.88,2,99.88,3,99.88,3
2017-12-08 04:27:44.843,99.88,1,99.88,2,99.88,1
2017-12-08 04:32:06.093,99.93,2,99.93,3,99.93,3
2017-12-08 04:34:33.491,99.92,3,99.92,1,99.92,3
2017-12-08 04:37:07.390,99.91,2,99.91,1,99.91,1
2017-12-08 04:41:20.568,99.92,1,99.92,3,99.92,2
2017-12-08 04:42:43.163,99.91,1,99.91,3,99.91,1
2017-12-08 04:44:21.282,99.92,1,99.92,1,99.92,3
2017-12-08 04:44:30.016,99.92,1,99.92,2,99.92,1
2017-12-08 04:46:42.893,99.92,1,99.92,2,99.92,1
2017-12-08 04:47:46.277,99.92,1,99.92,3,99.92,2
2017-12-08 04:50:40.578,99.92,3,99.92,2,99.92,1
2017-12-08 04:53:09.468,99.93,1,99.93,1,99.93,1
2017-12-08 04:53:15.817,99.92,2,99.92,1,99.92,3
2017-12-08 04:54:44.947,99.93,2,99.93,2,99.93,2
2017-12-08 04:55:46.669,99.92,2,99.92,1,99.92,2
2017-12-08 04:58:21.702,99.92,1,99.92,2,99.92,1
2017-12-08 04:58:59.217,99.93,1,99.93,3,99.93,3
2017-12-08 05:00:36.175,99.94,3,99.94,2,99.94,3
2017-12-08 05:01:28.790,99.95,3,99.95,3,99.95,3
2017-12-08 05:02:39.924,99.96,3,99.96,2,99.96,2
2017-12-08 05:05:21.059,99.97,1,99.97,1,99.97,1
2017-12-08 05:06:11.166,99.96,1,99.96,1,99.96,2
2017-12-08 05:06:18.531,99.96,1,99.96,1,99.96,2
2017-12-08 05:07:44.069,99.95,3,99.95,3,99.95,1
2017-12-08 05:08:15.068,99.94,2,99.94,2,99.94,1
2017-12-08 05:09:00.024,99.95,2,99.95,3,99.95,2
2017-12-08 05:11:37.515,99.95,3,99.95,3,99.95,3
2017-12-08 05:16:18.096,99.91,3,99.91,2,99.91,2
2017-12-08 05:16:21.750,99.91,2,99.91,2,99.91,3
2017-12-08 05:16:56.931,99.90,1,99.90,2,99.90,3
2017-12-08 05:18:19.523,99.90,2,99.90,2,99.90,2
2017-12-08 05:18:22.206,99.90,2,99.90,2,99.90,2
2017-12-08 05:18:50.440,99.90,2,99.90,2,99.90,3
2017-12-08 05:18:52.765,99.90,3,99.90,2,99.90,3
2017-12-08 05:19:01.296,99.91,1,99.91,1,99.91,2
2017-12-08 05:21:43.546,99.92,3,99.92,2,99.92,2
2017-12-08 05:23:15.096,99.89,2,99.89,1,99.89,3
2017-12-08 05:28:14.473,99.87,1,99.87,3,99.87,1
2017-12-08 05:31:39.686,99.87,2,99.87,2,99.87,2
2017-12-08 05:33:23.816,99.88,2,99.88,2,99.88,3
2017-12-08 05:34:38.603,99.88,2,99.88,3,99.88,2
2017-12-08 05:34:50.157,99.89,3,99.89,3,99.89,1
2017-12-08 05:34:52.354,99.89,3,99.89,3,99.89,1
2017-12-08 05:41:26.935,99.93,2,99.93,3,99.93,2
2017-12-08 05:44:55.881,99.92,2,99.92,3,99.92,3
2017-12-08 05:47:18.755,99.89,2,99.89,3,99.89,3
2017-12-08 05:47:22.038,99.89,1,99.89,1,99.89,1
2017-12-08 05:47:22.757,99.89,2,99.89,3,99.89,1
2017-12-08 05:47:52.357,99.90,1,99.90,3,99.90,1
2017-12-08 05:48:49.379,99.91,1,99.91,3,99.91,1
2017-12-08 05:48:52.227,99.91,3,99.91,3,99.91,1
2017-12-08 05:49:15.987,99.92,1,99.92,2,99.92,1
2017-12-08 05:50:07.615,99.93,2,99.93,3,99.93,1
2017-12-08 05:52:15.434,99.95,2,99.95,2,99.95,1
2017-12-08 05:53:12.719,99.95,3,99.95,1,99.95,3
2017-12-08 05:53:22.632,99.94,3,99.94,3,99.94,2
2017-12-08 05:53:46.623,99.94,2,99.94,3,99.94,2
2017-12-08 05:53:49.775,99.93,2,99.93,3,99.93,2
2017-12-08 05:54:39.911,99.94,3,99.94,1,99.94,1
2017-12-08 05:55:11.634,99.94,3,99.94,2,99.94,2
2017-12-08 05:56:50.744,99.94,2,99.94,1,99.94,2
2017-12-08 05:59:47.862,99.93,2,99.93,1,99.93,2
2017-12-08 06:00:04.779,99.93,1,99.93,3,99.93,1
2017-12-08 06:00:10.829,99.93,3,99.93,3,99.93,1
2017-12-08 06:00:40.542,99.93,3,99.93,2,99.93,3
2017-12-08 06:00:55.070,99.94,1,99.94,2,99.94,2
2017-12-08 06:01:22.931,99.94,1,99.94,3,99.94,2
2017-12-08 06:02:09.495,99.94,3,99.94,3,99.94,1
2017-12-08 06:04:23.957,99.93,2,99.93,2,99.93,1
2017-12-08 06:04:50.186,99.93,2,99.93,3,99.93,1
2017-12-08 06:08:26.116,99.92,2,99.92,2,99.92,2
2017-12-08 06:11:03.058,99.88,1,99.88,1,99.88,1
2017-12-08 06:14:02.279,99.87,3,99.87,3,99.87,2
2017-12-08 06:14:36.854,99.88,2,99.88,1,99.88,1
2017-12-08 06:15:44.417,99.88,2,99.88,1,99.88,2
2017-12-08 06:17:08.791,99.88,1,99.88,2,99.88,2
2017-12-08 06:20:05.193,99.88,3,99.88,3,99.88,1
2017-12-08 06:20:49.876,99.87,3,99.87,3,99.87,2
2017-12-08 06:21:09.402,99.87,2,99.87,3,99.87,3
2017-12-08 06:22:21.462,99.85,2,99.85,1,99.85,1
2017-12-08 06:24:51.674,99.85,1,99.85,1,99.85,2
2017-12-08 06:29:20.117,99.83,1,99.83,2,99.83,1
2017-12-08 06:37:31.858,99.87,3,99.87,1,99.87,1
2017-12-08 06:38:44.803,99.90,1,99.90,3,99.90,3
2017-12-08 06:39:29.047,99.90,3,99.90,3,99.90,1
2017-12-08 06:41:42.629,99.88,1,99.88,1,99.88,3
2017-12-08 06:41:55.807,99.87,1,99.87,1,99.87,3
2017-12-08 06:46:26.512,99.87,1,99.87,1,99.87,1
2017-12-08 06:47:15.226,99.88,3,99.88,2,99.88,3
2017-12-08 06:47:23.794,99.88,2,99.88,3,99.88,1
2017-12-08 06:49:42.109,99.88,2,99.88,2,99.88,3
2017-12-08 06:52:03.722,99.90,1,99.90,1,99.90,2
2017-12-08 06:52:36.513,99.91,1,99.91,3,99.91,3
2017-12-08 06:53:09.917,99.90,1,99.90,3,99.90,3
2017-12-08 06:54:09.486,99.90,3,99.90,2,99.90,1
2017-12-08 06:57:08.262,99.92,2,99.92,2,99.92,2
2017-12-08 06:57:31.210,99.93,2,99.93,1,99.93,3
2017-12-08 06:58:35.412,99.94,3,99.94,2,99.94,3
2017-12-08 07:00:35.776,99.95,3,99.95,3,99.95,1
2017-12-08 07:04:17.502,99.96,1,99.96,3,99.96,3
2017-12-08 07:05:14.749,99.95,1,99.95,3,99.95,1
2017-12-08 07:06:15.306,99.96,2,99.96,1,99.96,1
2017-12-08 07:06:48.451,99.97,1,99.97,3,99.97,2
2017-12-08 07:07:39.141,99.96,2,99.96,3,99.96,2
2017-12-08 07:08:01.941,99.97,1,99.97,2,99.97,2
2017-12-08 07:08:54.080,99.98,3,99.98,1,99.98,3
2017-12-08 07:09:49.531,100.00,1,100.00,1,100.00,2
2017-12-08 07:12:28.427,100.00,3,100.00,3,100.00,3
2017-12-08 07:12:47.666,100.00,1,100.00,3,100.00,2
2017-12-08 07:13:14.587,100.00,3,100.00,1,100.00,3
2017-12-08 07:16:24.123,99.99,2,99.99,1,99.99,3
2017-12-08 07:16:26.510,99.99,3,99.99,3,99.99,2
2017-12-08 07:16:42.808,100.00,1,100.00,2,100.00,3
2017-12-08 07:18:03.093,100.00,1,100.00,3,100.00,1
2017-12-08 07:20:56.616,100.01,3,100.01,3,100.01,2
2017-12-08 07:20:58.986,100.02,2,100.02,3,100.02,3
2017-12-08 07:22:21.200,100.01,3,100.01,1,100.01,1
2017-12-08 07:23:59.046,100.01,2,100.01,2,100.01,2
2017-12-08 07:25:23.020,100.02,3,100.02,2,100.02,2
2017-12-08 07:25:48.395,100.01,1,100.01,1,100.01,1
2017-12-08 07:29:27.695,100.07,1,100.07,3,100.07,1
2017-12-08 07:30:47.759,100.06,1,100.06,3,100.06,2
2017-12-08 07:31:39.886,100.06,2,100.06,2,100.06,2
2017-12-08 07:31:42.093,100.07,2,100.07,3,100.07,2
2017-12-08 07:32:50.268,100.06,3,100.06,2,100.06,2
2017-12-08 07:33:29.891,100.05,1,100.05,1,100.05,3
2017-12-08 07:34:42.454,100.06,1,100.06,2,100.06,1
2017-12-08 07:34:49.547,100.06,1,100.06,3,100.06,1
2017-12-08 07:35:06.181,100.06,1,100.06,2,100.06,2
2017-12-08 07:43:20.695,100.14,3,100.14,3,100.14,2
2017-12-08 07:44:31.532,100.14,3,100.14,3,100.14,3
2017-12-08 07:44:32.719,100.14,1,100.14,2,100.14,2
2017-12-08 07:45:02.364,100.14,3,100.14,2,100.14,1
2017-12-08 07:46:10.768,100.15,2,100.15,2,100.15,1
2017-12-08 07:47:55.979,100.18,1,100.18,2,100.18,1
2017-12-08 07:48:25.115,100.18,1,100.18,2,100.18,2
2017-12-08 07:51:45.743,100.15,3,100.15,2,100.15,3
2017-12-08 07:52:15.421,100.15,1,100.15,2,100.15,3
2017-12-08 07:52:52.920,100.14,2,100.14,1,100.14,2
2017-12-08 07:54:56.698,100.16,1,100.16,2,100.16,3
2017-12-08 07:57:10.084,100.16,1,100.16,2,100.16,1
2017-12-08 08:03:32.870,100.17,1,100.17,2,100.17,3
2017-12-08 08:04:32.928,100.18,2,100.18,3,100.18,3
2017-12-08 08:04:46.541,100.18,1,100.18,1,100.18,1
2017-12-08 08:05:03.942,100.19,1,100.19,2,100.19,3
2017-12-08 08:08:28.425,100.15,2,100.15,3,100.15,1
2017-12-08 08:09:34.541,100.16,2,100.16,2,100.16,1
2017-12-08 08:15:43.089,100.14,3,100.14,3,100.14,3
2017-12-08 08:17:53.505,100.15,2,100.15,2,100.15,1
2017-12-08 08:19:48.725,100.16,2,100.16,3,100.16,1
2017-12-08 08:22:58.390,100.15,2,100.15,1,100.15,1
2017-12-08 08:23:07.226,100.16,1,100.16,2,100.16,1
2017-12-08 08:23:20.190,100.16,2,100.16,2,100.16,1
2017-12-08 08:25:34.645,100.16,2,100.16,1,100.16,3
2017-12-08 08:28:15.337,100.18,1,100.18,3,100.18,2
2017-12-08 08:29:01.490,100.18,3,100.18,2,100.18,2
2017-12-08 08:29:41.201,100.19,3,100.19,2,100.19,3
2017-12-08 08:30:16.753,100.20,1,100.20,3,100.20,1
2017-12-08 08:30:46.631,100.20,2,100.20,2,100.20,1
2017-12-08 08:33:14.165,100.19,2,100.19,1,100.19,2
2017-12-08 08:33:57.425,100.19,3,100.19,2,100.19,3
2017-12-08 08:34:08.567,100.19,3,100.19,1,100.19,2
2017-12-08 08:34:48.630,100.18,2,100.18,3,100.18,2
2017-12-08 08:36:18.027,100.19,1,100.19,3,100.19,3
2017-12-08 08:37:03.849,100.18,1,100.18,3,100.18,1
2017-12-08 08:37:29.062,100.17,3,100.17,2,100.17,2
2017-12-08 08:37:45.976,100.18,1,100.18,2,100.18,1
2017-12-08 08:38:03.577,100.17,1,100.17,1,100.17,3
2017-12-08 08:39:54.190,100.18,3,100.18,1,100.18,2
2017-12-08 08:40:20.084,100.19,2,100.19,1,100.19,3
2017-12-08 08:41:28.612,100.18,2,100.18,3,100.18,3
2017-12-08 08:42:21.102,100.19,1,100.19,1,100.19,2
2017-12-08 08:42:32.702,100.20,3,100.20,2,100.20,1
2017-12-08 08:44:01.997,100.21,3,100.21,3,100.21,2
2017-12-08 08:44:05.049,100.21,1,100.21,3,100.21,1
2017-12-08 08:44:28.912,100.20,1,100.20,3,100.20,1
2017-12-08 08:44:33.482,100.20,2,100.20,3,100.20,1
2017-12-08 08:44:40.982,100.20,2,100.20,1,100.20,1
2017-12-08 08:44:51.680,100.19,1,100.19,1,100.19,3
2017-12-08 08:47:53.095,100.19,2,100.19,2,100.19,1
2017-12-08 08:50:48.577,100.17,2,100.17,3,100.17,1
2017-12-08 08:55:48.555,100.21,2,100.21,2,100.21,2
2017-12-08 09:00:00.171,100.22,3,100.22,2,100.22,1
2017-12-08 09:02:13.797,100.22,2,100.22,2,100.22,1
2017-12-08 09:04:59.147,100.20,2,100.20,3,100.20,1
2017-12-08 09:05:04.166,100.20,1,100.20,3,100.20,1
2017-12-08 09:08:38.411,100.20,2,100.20,2,100.20,1
2017-12-08 09:09:44.710,100.21,1,100.21,3,100.21,2
2017-12-08 09:09:54.602,100.22,1,100.22,2,100.22,2
2017-12-08 09:11:56.913,100.19,3,100.19,3,100.19,1
2017-12-08 09:14:40.125,100.21,2,100.21,3,100.21,3
2017-12-08 09:15:00.799,100.21,3,100.21,3,100.21,2
2017-12-08 09:17:11.773,100.18,1,100.18,1,100.18,1
2017-12-08 09:19:22.456,100.18,1,100.18,3,100.18,2
2017-12-08 09:20:46.283,100.19,2,100.19,3,100.19,1
2017-12-08 09:23:29.059,100.17,1,100.17,3,100.17,1
2017-12-08 09:24:32.345,100.16,1,100.16,3,100.16,2
2017-12-08 09:28:23.435,100.17,2,100.17,2,100.17,2
2017-12-08 09:28:53.750,100.19,3,100.19,2,100.19,1
2017-12-08 09:29:00.979,100.18,3,100.18,2,100.18,1
2017-12-08 09:32:37.925,100.16,1,100.16,3,100.16,3
2017-12-08 09:33:46.824,100.17,1,100.17,3,100.17,1
2017-12-08 09:36:59.500,100.18,2,100.18,3,100.18,3
2017-12-08 09:39:37.705,100.15,2,100.15,3,100.15,1
2017-12-08 09:40:05.028,100.15,1,100.15,1,100.15,1
2017-12-08 09:40:33.013,100.14,3,100.14,1,100.14,3
2017-12-08 09:43:22.839,100.16,3,100.16,2,100.16,1
2017-12-08 09:43:46.291,100.16,2,100.16,1,100.16,3
2017-12-08 09:46:19.774,100.17,2,100.17,1,100.17,1
2017-12-08 09:49:00.140,100.17,3,100.17,1,100.17,1
2017-12-08 09:49:06.410,100.16,1,100.16,2,100.16,3
2017-12-08 09:50:37.619,100.18,1,100.18,3,100.18,2
2017-12-08 09:51:39.382,100.18,2,100.18,3,100.18,3
2017-12-08 09:51:42.467,100.17,2,100.17,2,100.17,1
2017-12-08 09:53:22.356,100.16,3,100.16,2,100.16,3
2017-12-08 09:55:13.401,100.17,2,100.17,2,100.17,2
2017-12-08 09:57:29.098,100.17,3,100.17,2,100.17,2
2017-12-08 09:58:12.411,100.17,1,100.17,2,100.17,2
2017-12-08 09:59:43.841,100.19,2,100.19,3,100.19,1
2017-12-08 10:01:23.282,100.18,3,100.18,3,100.18,2
2017-12-08 10:03:19.235,100.19,1,100.19,1,100.19,3
2017-12-08 10:03:26.759,100.19,2,100.19,2,100.19,2
2017-12-08 10:03:50.610,100.19,3,100.19,1,100.19,3
2017-12-08 10:04:13.363,100.17,3,100.17,3,100.17,3
2017-12-08 10:05:29.305,100.17,1,100.17,1,100.17,2
2017-12-08 10:11:22.284,100.24,1,100.24,1,100.24,1
2017-12-08 10:12:07.846,100.24,3,100.24,3,100.24,1
2017-12-08 10:13:34.427,100.25,3,100.25,3,100.25,2
2017-12-08 10:13:55.510,100.25,1,100.25,2,100.25,1
2017-12-08 10:14:15.395,100.26,1,100.26,3,100.26,3
2017-12-08 10:15:11.254,100.27,3,100.27,3,100.27,3
2017-12-08 10:16:26.472,100.29,1,100.29,3,100.29,3
2017-12-08 10:18:16.281,100.28,1,100.28,1,100.28,2
2017-12-08 10:21:32.387,100.27,2,100.27,1,100.27,2
2017-12-08 10:24:22.140,100.28,1,100.28,2,100.28,3
2017-12-08 10:25:44.763,100.27,2,100.27,3,100.27,1
2017-12-08 10:28:35.791,100.26,1,100.26,1,100.26,2
2017-12-08 10:30:46.564,100.25,2,100.25,3,100.25,3
2017-12-08 10:34:34.636,100.25,1,100.25,3,100.25,1
2017-12-08 10:34:38.343,100.25,2,100.25,2,100.25,2
2017-12-08 10:37:02.630,100.27,1,100.27,1,100.27,3
2017-12-08 10:39:26.263,100.25,3,100.25,1,100.25,2
2017-12-08 10:43:05.382,100.27,2,100.27,1,100.27,3
2017-12-08 10:44:02.855,100.27,3,100.27,2,100.27,3
2017-12-08 10:44:06.087,100.27,1,100.27,3,100.27,1
2017-12-08 10:47:52.063,100.29,3,100.29,2,100.29,1
2017-12-08 10:48:48.750,100.29,3,100.29,1,100.29,2
2017-12-08 10:49:40.455,100.28,2,100.28,2,100.28,3
2017-12-08 10:51:58.937,100.29,1,100.29,1,100.29,2
2017-12-08 10:52:41.060,100.30,2,100.30,2,100.30,3
2017-12-08 10:52:46.787,100.29,1,100.29,2,100.29,1
2017-12-08 10:53:14.631,100.30,2,100.30,3,100.30,3
2017-12-08 10:53:43.545,100.31,3,100.31,1,100.31,3
2017-12-08 11:01:01.914,100.30,3,100.30,3,100.30,1
2017-12-08 11:02:16.137,100.29,2,100.29,3,100.29,1
2017-12-08 11:03:58.248,100.32,2,100.32,2,100.32,1
2017-12-08 11:05:02.499,100.31,1,100.31,1,100.31,3
2017-12-08 11:06:27.115,100.32,2,100.32,1,100.32,1
2017-12-08 11:07:57.192,100.32,2,100.32,3,100.32,2
2017-12-08 11:08:11.702,100.33,1,100.33,1,100.33,1
2017-12-08 11:08:36.684,100.34,3,100.34,1,100.34,3
2017-12-08 11:10:39.986,100.34,2,100.34,2,100.34,3
2017-12-08 11:11:11.138,100.34,1,100.34,3,100.34,1
2017-12-08 11:11:51.630,100.35,2,100.35,2,100.35,3
2017-12-08 11:12:07.561,100.36,3,100.36,1,100.36,3
2017-12-08 11:13:50.971,100.35,2,100.35,1,100.35,3
2017-12-08 11:18:08.851,100.37,3,100.37,1,100.37,2
2017-12-08 11:21:12.478,100.40,2,100.40,2,100.40,2
2017-12-08 11:22:43.130,100.38,2,100.38,1,100.38,1
2017-12-08 11:24:04.354,100.38,1,100.38,1,100.38,1
2017-12-08 11:25:28.383,100.38,2,100.38,3,100.38,2
2017-12-08 11:27:13.294,100.41,2,100.41,1,100.41,1
2017-12-08 11:29:24.455,100.44,2,100.44,3,100.44,3
2017-12-08 11:30:16.861,100.44,2,100.44,2,100.44,3
2017-12-08 11:33:05.836,100.42,2,100.42,3,100.42,3
2017-12-08 11:34:09.447,100.41,3,100.41,3,100.41,2
2017-12-08 11:35:03.600,100.42,2,100.42,3,100.42,3
2017-12-08 11:35:28.113,100.42,2,100.42,2,100.42,1
2017-12-08 11:36:24.753,100.42,1,100.42,1,100.42,2
2017-12-08 11:38:47.495,100.45,1,100.45,1,100.45,1
2017-12-08 11:40:07.542,100.46,2,100.46,2,100.46,1
2017-12-08 11:41:39.108,100.48,3,100.48,1,100.48,1
2017-12-08 11:42:46.136,100.48,1,100.48,3,100.48,1
2017-12-08 11:43:04.301,100.48,3,100.48,3,100.48,3
2017-12-08 11:44:02.192,100.49,3,100.49,2,100.49,3
2017-12-08 11:45:01.224,100.47,1,100.47,3,100.47,3
2017-12-08 11:45:39.888,100.49,2,100.49,2,100.49,2
2017-12-08 11:46:26.204,100.47,3,100.47,1,100.47,1
2017-12-08 11:48:46.270,100.48,2,100.48,2,100.48,1
2017-12-08 11:52:25.129,100.46,2,100.46,2,100.46,1
2017-12-08 11:55:53.017,100.44,2,100.44,3,100.44,3
2017-12-08 11:56:42.667,100.45,3,100.45,1,100.45,3
2017-12-08 11:57:31.530,100.46,3,100.46,1,100.46,2
2017-12-08 12:01:47.982,100.46,2,100.46,1,100.46,2
2017-12-08 12:02:56.248,100.46,2,100.46,1,100.46,2
2017-12-08 12:05:15.123,100.47,2,100.47,3,100.47,2
2017-12-08 12:06:55.891,100.49,3,100.49,1,100.49,1
2017-12-08 12:06:58.733,100.49,2,100.49,2,100.49,3
2017-12-08 12:10:27.911,100.47,1,100.47,3,100.47,3
2017-12-08 12:11:59.336,100.45,3,100.45,3,100.45,3
2017-12-08 12:12:54.589,100.46,3,100.46,2,100.46,3
2017-12-08 12:13:15.513,100.46,3,100.46,2,100.46,3
2017-12-08 12:17:11.498,100.46,3,100.46,3,100.46,2
2017-12-08 12:22:32.274,100.47,2,100.47,3,100.47,2
2017-12-08 12:23:48.357,100.49,1,100.49,1,100.49,1
2017-12-08 12:24:45.014,100.48,2,100.48,2,100.48,2
2017-12-08 12:26:13.655,100.49,1,100.49,1,100.49,3
2017-12-08 12:28:59.858,100.50,3,100.50,1,100.50,1
2017-12-08 12:30:44.590,100.52,1,100.52,3,100.52,3
2017-12-08 12:32:24.536,100.55,3,100.55,2,100.55,1
2017-12-08 12:32:35.418,100.56,1,100.56,2,100.56,1
2017-12-08 12:34:49.669,100.57,1,100.57,2,100.57,3
2017-12-08 12:34:54.030,100.57,2,100.57,3,100.57,2
2017-12-08 12:39:35.453,100.55,1,100.55,1,100.55,2
2017-12-08 12:41:10.825,100.55,1,100.55,3,100.55,3
2017-12-08 12:43:07.548,100.53,3,100.53,1,100.53,2
2017-12-08 12:56:07.318,100.44,2,100.44,3,100.44,3
2017-12-08 12:56:25.496,100.43,3,100.43,1,100.43,1
2017-12-08 12:58:04.670,100.41,1,100.41,2,100.41,3
2017-12-08 12:59:56.060,100.41,2,100.41,2,100.41,1
2017-12-08 13:00:17.981,100.41,2,100.41,1,100.41,2
2017-12-08 13:01:34.969,100.41,2,100.41,3,100.41,1
2017-12-08 13:01:39.956,100.41,2,100.41,2,100.41,3
2017-12-08 13:01:49.906,100.41,2,100.41,3,100.41,1
2017-12-08 13:06:29.461,100.34,3,100.34,3,100.34,3
2017-12-08 13:07:16.037,100.33,1,100.33,1,100.33,3
2017-12-08 13:09:39.814,100.33,2,100.33,3,100.33,1
2017-12-08 13:10:25.896,100.33,2,100.33,1,100.33,2
2017-12-08 13:11:11.317,100.32,3,100.32,3,100.32,3
2017-12-08 13:11:18.167,100.31,3,100.31,2,100.31,1
2017-12-08 13:13:54.238,100.29,2,100.29,2,100.29,1
2017-12-08 13:15:09.781,100.29,2,100.29,1,100.29,1
2017-12-08 13:15:17.682,100.29,1,100.29,3,100.29,1
2017-12-08 13:17:47.872,100.31,1,100.31,1,100.31,2
2017-12-08 13:19:19.573,100.31,1,100.31,1,100.31,1
2017-12-08 13:20:05.934,100.31,2,100.31,1,100.31,2
2017-12-08 13:21:04.457,100.32,1,100.32,2,100.32,3
2017-12-08 13:24:15.515,100.34,1,100.34,2,100.34,1
2017-12-08 13:31:44.761,100.35,1,100.35,1,100.35,1
2017-12-08 13:33:05.685,100.36,2,100.36,3,100.36,3
2017-12-08 13:33:22.331,100.36,1,100.36,1,100.36,1
2017-12-08 13:34:22.473,100.35,1,100.35,1,100.35,1
2017-12-08 13:35:49.902,100.33,1,100.33,2,100.33,1
2017-12-08 13:36:04.437,100.33,3,100.33,2,100.33,1
2017-12-08 13:36:46.755,100.32,3,100.32,1,100.32,1
2017-12-08 13:39:19.135,100.34,2,100.34,1,100.34,3
2017-12-08 13:39:58.447,100.35,1,100.35,2,100.35,3
2017-12-08 13:42:56.511,100.34,3,100.34,3,100.34,1
2017-12-08 13:45:14.782,100.34,1,100.34,3,100.34,1
2017-12-08 13:48:01.133,100.34,1,100.34,2,100.34,3
2017-12-08 13:49:58.203,100.34,1,100.34,3,100.34,2
2017-12-08 13:51:19.386,100.33,1,100.33,1,100.33,2
2017-12-08 13:52:49.018,100.31,3,100.31,2,100.31,3
2017-12-08 13:54:37.672,100.31,1,100.31,3,100.31,2
2017-12-08 13:56:00.040,100.30,1,100.30,3,100.30,3
2017-12-08 13:58:20.410,100.32,1,100.32,1,100.32,1
2017-12-08 14:04:55.666,100.35,2,100.35,1,100.35,1
2017-12-08 14:08:30.209,100.34,2,100.34,3,100.34,1
2017-12-08 14:12:12.904,100.31,1,100.31,1,100.31,2
2017-12-08 14:12:32.901,100.31,3,100.31,3,100.31,2
2017-12-08 14:12:57.890,100.30,1,100.30,2,100.30,1
2017-12-08 14:14:37.092,100.33,1,100.33,3,100.33,2
2017-12-08 14:14:58.303,100.34,3,100.34,3,100.34,1
2017-12-08 14:15:11.579,100.34,2,100.34,2,100.34,1
2017-12-08 14:15:50.965,100.33,2,100.33,1,100.33,3
2017-12-08 14:16:53.699,100.34,2,100.34,1,100.34,2
2017-12-08 14:18:35.587,100.34,3,100.34,2,100.34,2
2017-12-08 14:19:32.414,100.36,3,100.36,2,100.36,2
2017-12-08 14:20:58.459,100.34,2,100.34,1,100.34,3
2017-12-08 14:21:46.040,100.35,3,100.35,3,100.35,3
2017-12-08 14:29:07.834,100.35,2,100.35,3,100.35,2
2017-12-08 14:29:40.771,100.34,3,100.34,2,100.34,1
2017-12-08 14:30:28.716,100.35,2,100.35,2,100.35,3
2017-12-08 14:33:01.208,100.38,3,100.38,1,100.38,1
2017-12-08 14:33:32.995,100.38,2,100.38,3,100.38,2
2017-12-08 14:33:41.791,100.37,3,100.37,3,100.37,1
2017-12-08 14:37:06.277,100.38,3,100.38,1,100.38,3
2017-12-08 14:39:13.459,100.40,2,100.40,1,100.40,3
2017-12-08 14:39:46.172,100.39,2,100.39,3,100.39,3
2017-12-08 14:40:52.641,100.38,1,100.38,1,100.38,1
2017-12-08 14:41:18.304,100.38,1,100.38,1,100.38,2
2017-12-08 14:41:39.775,100.37,2,100.37,3,100.37,3
2017-12-08 14:42:57.138,100.38,1,100.38,1,100.38,3
2017-12-08 14:43:00.359,100.38,2,100.38,3,100.38,2
2017-12-08 14:43:17.237,100.38,3,100.38,1,100.38,1
2017-12-08 14:43:34.485,100.39,1,100.39,3,100.39,1
2017-12-08 14:44:37.383,100.40,2,100.40,1,100.40,2
2017-12-08 14:46:27.635,100.38,3,100.38,3,100.38,3
2017-12-08 14:47:28.782,100.38,1,100.38,3,100.38,2
2017-12-08 14:47:42.551,100.38,3,100.38,2,100.38,2
2017-12-08 14:47:55.061,100.37,2,100.37,1,100.37,3
2017-12-08 14:58:08.947,100.36,3,100.36,1,100.36,1
2017-12-08 15:02:56.301,100.33,3,100.33,3,100.33,3
2017-12-08 15:03:25.629,100.33,2,100.33,3,100.33,2
2017-12-08 15:09:05.829,100.34,3,100.34,3,100.34,2
2017-12-08 15:11:15.932,100.33,3,100.33,3,100.33,3
2017-12-08 15:11:36.351,100.33,3,100.33,3,100.33,2
2017-12-08 15:13:54.751,100.33,1,100.33,3,100.33,3
2017-12-08 15:14:01.042,100.34,3,100.34,2,100.34,2
2017-12-08 15:15:07.573,100.36,1,100.36,2,100.36,1
2017-12-08 15:19:16.361,100.36,1,100.36,3,100.36,2
2017-12-08 15:21:08.946,100.36,1,100.36,3,100.36,1
2017-12-08 15:22:36.770,100.37,3,100.37,3,100.37,2
2017-12-08 15:29:55.434,100.32,3,100.32,1,100.32,3
2017-12-08 15:32:51.810,100.30,3,100.30,3,100.30,1
2017-12-08 15:40:50.161,100.29,3,100.29,1,100.29,2
2017-12-08 15:45:09.641,100.29,1,100.29,2,100.29,3
2017-12-08 15:45:44.889,100.29,1,100.29,1,100.29,2
2017-12-08 15:48:22.303,100.32,3,100.32,2,100.32,2
2017-12-08 15:52:51.564,100.30,3,100.30,1,100.30,2
2017-12-08 15:53:43.049,100.29,2,100.29,1,100.29,3
2017-12-08 15:54:48.866,100.30,3,100.30,1,100.30,2
2017-12-08 15:55:41.473,100.32,2,100.32,3,100.32,3
2017-12-08 15:56:06.022,100.33,2,100.33,3,100.33,1
2017-12-08 15:56:17.492,100.32,3,100.32,2,100.32,3
2017-12-08 15:58:34.122,100.33,1,100.33,2,100.33,1
2017-12-08 15:58:48.527,100.34,3,100.34,1,100.34,1
2017-12-08 16:01:51.319,100.34,2,100.34,2,100.34,1
2017-12-08 16:02:21.228,100.34,2,100.34,2,100.34,3
2017-12-08 16:03:08.529,100.35,1,100.35,2,100.35,2
2017-12-08 16:06:07.411,100.35,2,100.35,1,100.35,1
2017-12-08 16:06:42.749,100.33,3,100.33,3,100.33,2
2017-12-08 16:07:46.377,100.33,2,100.33,3,100.33,1
2017-12-08 16:08:09.776,100.34,2,100.34,1,100.34,1
2017-12-08 16:09:59.196,100.36,2,100.36,1,100.36,3
2017-12-08 16:11:08.130,100.37,2,100.37,3,100.37,3
2017-12-08 16:11:27.344,100.37,1,100.37,2,100.37,1
2017-12-08 16:12:03.829,100.37,2,100.37,1,100.37,3
2017-12-08 16:13:49.661,100.36,2,100.36,2,100.36,3
2017-12-08 16:16:29.618,100.37,2,100.37,2,100.37,3
2017-12-08 16:20:46.877,100.33,2,100.33,1,100.33,3
2017-12-08 16:21:27.186,100.32,2,100.32,2,100.32,2
2017-12-08 16:22:25.088,100.32,3,100.32,2,100.32,3
2017-12-08 16:22:53.206,100.32,2,100.32,2,100.32,3
2017-12-08 16:24:10.444,100.33,1,100.33,3,100.33,2
2017-12-08 16:25:52.013,100.35,2,100.35,2,100.35,3
2017-12-08 16:26:55.566,100.34,3,100.34,3,100.34,1
2017-12-08 16:30:17.079,100.33,2,100.33,3,100.33,2
2017-12-08 16:31:10.592,100.32,2,100.32,1,100.32,3
2017-12-08 16:32:08.950,100.31,3,100.31,1,100.31,1
2017-12-08 16:32:51.565,100.31,2,100.31,1,100.31,2
2017-12-08 16:33:16.031,100.31,1,100.31,3,100.31,1
2017-12-08 16:35:15.179,100.30,3,100.30,3,100.30,1
2017-12-08 16:35:45.667,100.31,1,100.31,2,100.31,2
2017-12-08 16:36:54.657,100.33,2,100.33,2,100.33,2
2017-12-08 16:39:35.972,100.33,2,100.33,1,100.33,2
2017-12-08 16:40:28.749,100.35,2,100.35,1,100.35,1
2017-12-08 16:41:21.880,100.36,1,100.36,3,100.36,2
2017-12-08 16:42:23.079,100.35,1,100.35,1,100.35,1
2017-12-08 16:45:37.477,100.34,1,100.34,1,100.34,2
2017-12-08 16:48:44.183,100.33,3,100.33,1,100.33,2
2017-12-08 16:50:11.696,100.34,2,100.34,3,100.34,3
2017-12-08 16:54:13.914,100.32,2,100.32,2,100.32,2
2017-12-08 16:55:24.214,100.32,3,100.32,3,100.32,2
2017-12-08 16:56:58.305,100.32,3,100.32,1,100.32,3
2017-12-08 16:58:30.223,100.33,3,100.33,2,100.33,2
2017-12-08 16:58:58.507,100.33,3,100.33,1,100.33,3
2017-12-08 16:59:48.152,100.34,2,100.34,2,100.34,1
2017-12-08 17:01:36.779,100.34,3,100.34,2,100.34,3
2017-12-08 17:05:19.886,100.35,2,100.35,2,100.35,1
2017-12-08 17:06:35.949,100.35,1,100.35,2,100.35,1
2017-12-08 17:06:51.202,100.34,2,100.34,1,100.34,2
2017-12-08 17:07:46.908,100.35,2,100.35,1,100.35,3
2017-12-08 17:13:15.987,100.34,3,100.34,2,100.34,1
2017-12-08 17:17:44.145,100.35,2,100.35,2,100.35,3
2017-12-08 17:17:54.657,100.35,3,100.35,3,100.35,2
2017-12-08 17:21:52.138,100.34,1,100.34,3,100.34,1
2017-12-08 17:25:10.592,100.35,1,100.35,3,100.35,2
2017-12-08 17:30:15.860,100.35,1,100.35,2,100.35,3
2017-12-08 17:30:27.806,100.36,2,100.36,3,100.36,2
2017-12-08 17:34:57.299,100.33,1,100.33,3,100.33,2
2017-12-08 17:35:47.400,100.33,3,100.33,2,100.33,2
2017-12-08 17:38:20.501,100.31,2,100.31,1,100.31,3
2017-12-08 17:38:22.053,100.31,2,100.31,1,100.31,3
2017-12-08 17:39:08.538,100.31,2,100.31,1,100.31,2
2017-12-08 17:42:51.615,100.32,2,100.32,1,100.32,1
2017-12-08 17:43:07.569,100.31,2,100.31,3,100.31,1
2017-12-08 17:43:12.315,100.30,1,100.30,1,100.30,1
2017-12-08 17:43:31.906,100.30,1,100.30,2,100.30,1
2017-12-08 17:45:25.327,100.30,3,100.30,1,100.30,2
2017-12-08 17:48:30.552,100.32,3,100.32,1,100.32,1
2017-12-08 17:49:55.884,100.32,3,100.32,1,100.32,1
2017-12-08 17:50:41.457,100.31,1,100.31,1,100.31,1
2017-12-08 17:51:10.158,100.31,1,100.31,2,100.31,1
2017-12-08 17:51:43.876,100.32,3,100.32,2,100.32,2
2017-12-08 17:58:32.281,100.34,1,100.34,2,100.34,3
2017-12-08 18:00:19.538,100.33,1,100.33,3,100.33,2
2017-12-08 18:02:58.337,100.31,2,100.31,2,100.31,3
2017-12-08 18:02:58.808,100.31,3,100.31,2,100.31,1
2017-12-08 18:03:14.375,100.31,1,100.31,1,100.31,3
2017-12-08 18:04:26.817,100.29,3,100.29,2,100.29,1
2017-12-08 18:05:28.375,100.31,1,100.31,2,100.31,2
2017-12-08 18:07:49.773,100.30,2,100.30,3,100.30,3
2017-12-08 18:10:26.623,100.31,1,100.31,2,100.31,1
2017-12-08 18:13:24.482,100.33,2,100.33,1,100.33,2
2017-12-08 18:17:47.365,100.34,3,100.34,2,100.34,2
2017-12-08 18:18:08.254,100.33,1,100.33,1,100.33,2
2017-12-08 18:20:11.508,100.36,1,100.36,1,100.36,3
2017-12-08 18:21:07.859,100.36,3,100.36,1,100.36,1
2017-12-08 18:23:58.248,100.36,2,100.36,3,100.36,2
2017-12-08 18:25:57.046,100.38,2,100.38,1,100.38,3
2017-12-08 18:28:54.017,100.38,3,100.38,2,100.38,2
2017-12-08 18:30:19.674,100.38,1,100.38,1,100.38,3
2017-12-08 18:30:27.679,100.38,1,100.38,1,100.38,3
2017-12-08 18:32:09.418,100.40,2,100.40,1,100.40,1
2017-12-08 18:34:40.579,100.40,3,100.40,1,100.40,3
2017-12-08 18:37:04.891,100.38,1,100.38,3,100.38,3
2017-12-08 18:41:24.640,100.38,3,100.38,1,100.38,1
2017-12-08 18:41:44.346,100.38,3,100.38,3,100.38,2
2017-12-08 18:41:52.010,100.38,3,100.38,1,100.38,1
2017-12-08 18:43:53.842,100.38,2,100.38,2,100.38,1
2017-12-08 18:47:52.412,100.32,2,100.32,1,100.32,3
2017-12-08 18:49:54.463,100.34,1,100.34,3,100.34,3
2017-12-08 18:50:10.314,100.35,1,100.35,3,100.35,1
2017-12-08 18:50:27.891,100.34,1,100.34,2,100.34,3
2017-12-08 18:52:10.438,100.34,3,100.34,1,100.34,2
2017-12-08 18:53:04.903,100.33,1,100.33,1,100.33,1
2017-12-08 18:55:07.798,100.34,2,100.34,3,100.34,2
2017-12-08 18:55:32.834,100.35,2,100.35,2,100.35,3
2017-12-08 18:57:27.543,100.34,1,100.34,2,100.34,3
2017-12-08 18:58:23.006,100.33,1,100.33,2,100.33,2
2017-12-08 18:59:25.934,100.33,3,100.33,3,100.33,3
2017-12-08 18:59:58.586,100.33,1,100.33,1,100.33,2
2017-12-08 19:02:17.095,100.32,2,100.32,3,100.32,2
2017-12-08 19:04:09.675,100.32,1,100.32,3,100.32,3
2017-12-08 19:07:34.621,100.32,2,100.32,1,100.32,1
2017-12-08 19:09:14.957,100.32,2,100.32,2,100.32,2
2017-12-08 19:19:25.389,100.24,2,100.24,3,100.24,3
2017-12-08 19:20:40.226,100.24,2,100.24,2,100.24,1
2017-12-08 19:24:43.692,100.23,3,100.23,1,100.23,3
2017-12-08 19:28:25.782,100.22,2,100.22,1,100.22,3
2017-12-08 19:29:16.026,100.23,2,100.23,2,100.23,2
2017-12-08 19:29:22.112,100.23,2,100.23,1,100.23,1
2017-12-08 19:31:11.807,100.23,1,100.23,3,100.23,3
2017-12-08 19:33:17.501,100.21,3,100.21,2,100.21,3
2017-12-08 19:33:29.491,100.21,2,100.21,2,100.21,3
2017-12-08 19:34:28.620,100.20,3,100.20,3,100.20,3
2017-12-08 19:38:36.028,100.17,3,100.17,1,100.17,3
2017-12-08 19:38:46.882,100.17,3,100.17,2,100.17,2
2017-12-08 19:43:09.779,100.15,3,100.15,3,100.15,1
2017-12-08 19:44:49.499,100.15,2,100.15,1,100.15,2
2017-12-08 19:45:40.573,100.16,3,100.16,1,100.16,1
2017-12-08 19:46:27.538,100.16,2,100.16,3,100.16,3
2017-12-08 19:46:44.477,100.17,2,100.17,3,100.17,2
2017-12-08 19:46:53.681,100.17,1,100.17,3,100.17,1
2017-12-08 19:46:59.914,100.17,1,100.17,3,100.17,2
2017-12-08 19:49:21.464,100.16,1,100.16,2,100.16,3
2017-12-08 19:51:23.221,100.14,3,100.14,1,100.14,1
2017-12-08 19:55:06.170,100.15,3,100.15,1,100.15,3
2017-12-08 19:55:13.355,100.15,2,100.15,1,100.15,2
2017-12-08 19:55:30.025,100.15,1,100.15,3,100.15,1
2017-12-08 19:56:43.454,100.15,2,100.15,2,100.15,1
2017-12-08 20:02:06.257,100.20,1,100.20,3,100.20,1
2017-12-08 20:05:00.843,100.19,1,100.19,3,100.19,2
2017-12-08 20:07:10.359,100.17,3,100.17,3,100.17,2
2017-12-08 20:07:27.346,100.18,3,100.18,2,100.18,2
2017-12-08 20:08:31.671,100.16,3,100.16,3,100.16,1
2017-12-08 20:10:42.489,100.18,2,100.18,2,100.18,2
2017-12-08 20:13:56.054,100.18,2,100.18,3,100.18,3
2017-12-08 20:15:24.264,100.20,3,100.20,1,100.20,2
2017-12-08 20:17:19.973,100.19,2,100.19,1,100.19,2
2017-12-08 20:18:13.073,100.19,1,100.19,3,100.19,1
2017-12-08 20:18:31.631,100.18,2,100.18,3,100.18,1
2017-12-08 20:25:07.951,100.18,3,100.18,1,100.18,1
2017-12-08 20:27:55.015,100.20,2,100.20,1,100.20,3
2017-12-08 20:28:09.640,100.20,3,100.20,1,100.20,3
2017-12-08 20:29:51.607,100.16,3,100.16,2,100.16,2
2017-12-08 20:30:41.257,100.17,2,100.17,1,100.17,1
2017-12-08 20:30:49.326,100.17,1,100.17,1,100.17,1
2017-12-08 20:31:18.129,100.15,2,100.15,3,100.15,1
2017-12-08 20:32:03.511,100.15,1,100.15,1,100.15,2
2017-12-08 20:32:51.560,100.14,3,100.14,2,100.14,2
2017-12-08 20:35:28.896,100.12,1,100.12,2,100.12,3
2017-12-08 20:40:12.355,100.12,3,100.12,3,100.12,2
2017-12-08 20:41:35.527,100.12,1,100.12,1,100.12,1
2017-12-08 20:45:29.465,100.11,1,100.11,3,100.11,3
2017-12-08 20:46:55.133,100.11,1,100.11,2,100.11,2
2017-12-08 20:47:04.244,100.11,1,100.11,2,100.11,3
2017-12-08 20:47:21.557,100.12,3,100.12,2,100.12,1
2017-12-08 20:48:20.882,100.11,1,100.11,3,100.11,3
2017-12-08 20:48:25.803,100.12,3,100.12,2,100.12,1
2017-12-08 20:48:51.945,100.12,2,100.12,1,100.12,2
2017-12-08 20:51:14.532,100.09,3,100.09,3,100.09,2
2017-12-08 20:52:21.094,100.10,3,100.10,2,100.10,2
2017-12-08 20:52:36.074,100.10,1,100.10,1,100.10,2
2017-12-08 20:52:48.291,100.10,2,100.10,1,100.10,3
2017-12-08 20:53:02.998,100.11,1,100.11,2,100.11,3
2017-12-08 20:53:41.953,100.11,1,100.11,3,100.11,2
2017-12-08 20:54:57.896,100.11,1,100.11,3,100.11,1
2017-12-08 20:55:22.997,100.10,3,100.10,2,100.10,2
2017-12-08 20:56:31.882,100.09,2,100.09,3,100.09,3
2017-12-08 20:56:58.228,100.09,3,100.09,3,100.09,2
2017-12-08 21:02:24.673,100.06,1,100.06,1,100.06,3
2017-12-08 21:02:25.982,100.06,2,100.06,3,100.06,1
2017-12-08 21:04:40.918,100.07,3,100.07,3,100.07,2
2017-12-08 21:06:09.151,100.09,3,100.09,2,100.09,1
2017-12-08 21:10:25.718,100.13,2,100.13,1,100.13,2
2017-12-08 21:11:27.004,100.11,3,100.11,1,100.11,2
2017-12-08 21:14:13.604,100.12,3,100.12,3,100.12,1
2017-12-08 21:18:12.362,100.12,2,100.12,3,100.12,1
2017-12-08 21:20:36.944,100.15,3,100.15,1,100.15,2
2017-12-08 21:21:57.309,100.13,2,100.13,3,100.13,2
2017-12-08 21:25:39.638,100.13,3,100.13,1,100.13,1
2017-12-08 21:26:17.002,100.14,2,100.14,2,100.14,3
2017-12-08 21:27:04.763,100.14,2,100.14,2,100.14,1
2017-12-08 21:27:24.565,100.15,1,100.15,3,100.15,3
2017-12-08 21:29:23.404,100.14,2,100.14,3,100.14,2
2017-12-08 21:30:10.721,100.14,2,100.14,1,100.14,3
2017-12-08 21:32:52.804,100.15,2,100.15,1,100.15,2
2017-12-08 21:33:19.890,100.16,3,100.16,2,100.16,2
2017-12-08 21:39:25.230,100.17,3,100.17,3,100.17,3
2017-12-08 21:40:37.950,100.17,2,100.17,2,100.17,2
2017-12-08 21:40:55.241,100.16,3,100.16,2,100.16,1
2017-12-08 21:40:58.339,100.16,3,100.16,2,100.16,2
2017-12-08 21:42:26.345,100.16,1,100.16,2,100.16,2
2017-12-08 21:44:58.078,100.13,3,100.13,3,100.13,2
2017-12-08 21:46:07.866,100.15,3,100.15,1,100.15,1
2017-12-08 21:46:34.760,100.15,2,100.15,2,100.15,3
2017-12-08 21:47:28.170,100.15,2,100.15,2,100.15,3
2017-12-08 21:50:57.982,100.17,1,100.17,2,100.17,1
2017-12-08 21:54:09.782,100.17,3,100.17,3,100.17,1
2017-12-08 21:54:22.055,100.17,2,100.17,3,100.17,1
2017-12-08 21:54:54.434,100.17,2,100.17,1,100.17,1
2017-12-08 21:55:10.445,100.17,1,100.17,1,100.17,3
2017-12-08 21:55:14.625,100.18,1,100.18,2,100.18,1
2017-12-08 21:58:31.720,100.16,1,100.16,2,100.16,1
2017-12-08 22:01:21.476,100.18,1,100.18,3,100.18,1
2017-12-08 22:02:34.411,100.15,1,100.15,3,100.15,3
2017-12-08 22:02:37.951,100.15,1,100.15,1,100.15,3
2017-12-08 22:03:21.851,100.16,2,100.16,1,100.16,3
2017-12-08 22:04:21.348,100.16,2,100.16,3,100.16,1
2017-12-08 22:04:39.607,100.15,3,100.15,1,100.15,1
2017-12-08 22:06:01.809,100.16,1,100.16,1,100.16,2
2017-12-08 22:08:45.807,100.15,1,100.15,3,100.15,3
2017-12-08 22:09:42.591,100.15,2,100.15,1,100.15,2
2017-12-08 22:11:00.381,100.16,2,100.16,1,100.16,3
2017-12-08 22:14:45.494,100.12,1,100.12,3,100.12,3
2017-12-08 22:16:36.830,100.10,2,100.10,1,100.10,3
2017-12-08 22:20:25.200,100.09,1,100.09,2,100.09,3
2017-12-08 22:20:46.963,100.09,2,100.09,2,100.09,3
2017-12-08 22:20:52.344,100.09,2,100.09,2,100.09,2
2017-12-08 22:21:47.760,100.09,3,100.09,1,100.09,1
2017-12-08 22:22:20.536,100.09,3,100.09,3,100.09,3
2017-12-08 22:30:09.649,100.13,2,100.13,1,100.13,1
2017-12-08 22:31:03.704,100.14,3,100.14,2,100.14,2
2017-12-08 22:42:28.232,100.14,2,100.14,2,100.14,3
2017-12-08 22:42:36.042,100.13,2,100.13,3,100.13,1
2017-12-08 22:42:38.825,100.14,2,100.14,1,100.14,2
2017-12-08 22:43:16.284,100.13,2,100.13,3,100.13,3
2017-12-08 22:45:19.108,100.13,3,100.13,2,100.13,1
2017-12-08 22:47:00.578,100.13,2,100.13,2,100.13,3
2017-12-08 22:52:25.205,100.12,1,100.12,2,100.12,3
2017-12-08 22:53:03.663,100.12,1,100.12,1,100.12,2
2017-12-08 22:53:39.432,100.13,3,100.13,2,100.13,3
2017-12-08 22:54:11.238,100.13,2,100.13,1,100.13,2
2017-12-08 22:55:29.564,100.15,3,100.15,2,100.15,2
2017-12-08 22:56:03.343,100.14,2,100.14,1,100.14,3
2017-12-08 22:56:45.906,100.15,1,100.15,2,100.15,2
2017-12-08 22:56:57.226,100.15,1,100.15,1,100.15,3
2017-12-08 22:57:51.951,100.16,3,100.16,3,100.16,3
2017-12-08 22:59:58.214,100.14,2,100.14,2,100.14,3
2017-12-08 23:01:14.052,100.16,2,100.16,1,100.16,1
2017-12-08 23:01:23.990,100.15,2,100.15,2,100.15,1
2017-12-08 23:05:30.823,100.17,3,100.17,2,100.17,3
2017-12-08 23:06:00.795,100.17,3,100.17,1,100.17,1
2017-12-08 23:06:17.779,100.18,3,100.18,1,100.18,2
2017-12-08 23:07:12.589,100.18,2,100.18,2,100.18,1
2017-12-08 23:09:46.692,100.18,1,100.18,1,100.18,3
2017-12-08 23:10:02.017,100.17,3,100.17,1,100.17,2
2017-12-08 23:11:35.945,100.18,2,100.18,2,100.18,2
2017-12-08 23:11:56.388,100.19,2,100.19,3,100.19,3
2017-12-08 23:12:29.707,100.19,1,100.19,3,100.19,1
2017-12-08 23:13:05.194,100.19,1,100.19,3,100.19,1
2017-12-08 23:13:41.374,100.20,2,100.20,1,100.20,2
2017-12-08 23:14:13.609,100.21,1,100.21,2,100.21,1
2017-12-08 23:14:21.435,100.20,2,100.20,1,100.20,3
2017-12-08 23:15:10.841,100.19,3,100.19,2,100.19,2
2017-12-08 23:15:17.777,100.19,2,100.19,1,100.19,1
2017-12-08 23:17:24.221,100.19,1,100.19,3,100.19,1
2017-12-08 23:18:48.673,100.18,3,100.18,1,100.18,2
2017-12-08 23:19:07.817,100.18,3,100.18,2,100.18,3
2017-12-08 23:21:45.610,100.17,2,100.17,3,100.17,3
2017-12-08 23:22:47.865,100.19,3,100.19,2,100.19,1
2017-12-08 23:23:01.975,100.19,1,100.19,1,100.19,2
2017-12-08 23:23:43.948,100.19,2,100.19,2,100.19,2
2017-12-08 23:26:21.592,100.15,1,100.15,1,100.15,3
2017-12-08 23:27:42.772,100.16,2,100.16,3,100.16,1
2017-12-08 23:27:44.011,100.16,1,100.16,2,100.16,3
2017-12-08 23:31:25.694,100.15,3,100.15,1,100.15,1
2017-12-08 23:32:15.745,100.14,2,100.14,1,100.14,2
2017-12-08 23:33:25.704,100.12,2,100.12,1,100.12,3
2017-12-08 23:36:00.051,100.12,3,100.12,2,100.12,3
2017-12-08 23:38:13.819,100.17,2,100.17,3,100.17,1
2017-12-08 23:38:23.024,100.18,1,100.18,3,100.18,1
2017-12-08 23:39:30.209,100.17,3,100.17,2,100.17,3
2017-12-08 23:40:35.968,100.18,3,100.18,3,100.18,1
2017-12-08 23:42:11.609,100.17,3,100.17,1,100.17,1
2017-12-08 23:42:17.428,100.17,1,100.17,1,100.17,3
2017-12-08 23:42:39.316,100.18,2,100.18,3,100.18,3
2017-12-08 23:43:19.689,100.19,2,100.19,3,100.19,3
2017-12-08 23:44:30.007,100.20,1,100.20,2,100.20,2
2017-12-08 23:45:17.121,100.19,3,100.19,2,100.19,3
2017-12-08 23:45:47.795,100.18,3,100.18,1,100.18,1
2017-12-08 23:47:51.403,100.17,1,100.17,2,100.17,3
2017-12-08 23:47:59.834,100.17,2,100.17,3,100.17,1
2017-12-08 23:49:31.965,100.17,1,100.17,1,100.17,1
2017-12-08 23:50:20.179,100.16,2,100.16,3,100.16,3
2017-12-08 23:50:44.692,100.16,1,100.16,1,100.16,1
2017-12-08 23:51:31.212,100.17,3,100.17,1,100.17,1
