2017-12-06 00:01:03.319,100.02,2,100.02,1,100.02,1
2017-12-06 00:02:23.145,100.01,1,100.01,3,100.01,3
2017-12-06 00:03:10.140,100.02,2,100.02,3,100.02,1
2017-12-06 00:03:54.030,100.02,2,100.02,1,100.02,2
2017-12-06 00:04:17.859,100.02,2,100.02,2,100.02,3
2017-12-06 00:06:35.982,100.02,2,100.02,3,100.02,1
2017-12-06 00:07:51.039,100.01,2,100.01,1,100.01,1
2017-12-06 00:08:53.470,100.00,2,100.00,1,100.00,1
2017-12-06 00:09:38.160,100.00,2,100.00,1,100.00,2
2017-12-06 00:10:50.188,100.00,3,100.00,3,100.00,3
2017-12-06 00:11:19.348,100.01,3,100.01,2,100.01,3
2017-12-06 00:14:25.850,100.02,2,100.02,3,100.02,2
2017-12-06 00:14:33.317,100.01,2,100.01,3,100.01,2
2017-12-06 00:15:24.636,100.02,1,100.02,1,100.02,2
2017-12-06 00:19:10.641,100.03,3,100.03,1,100.03,1
2017-12-06 00:20:30.081,100.03,2,100.03,2,100.03,3
2017-12-06 00:20:43.308,100.03,3,100.03,2,100.03,1
2017-12-06 00:23:13.626,100.03,3,100.03,2,100.03,3
2017-12-06 00:27:26.207,100.03,1,100.03,2,100.03,2
2017-12-06 00:27:53.694,100.03,1,100.03,2,100.03,3
2017-12-06 00:28:50.210,100.03,1,100.03,3,100.03,2
2017-12-06 00:29:07.752,100.03,1,100.03,3,100.03,2
2017-12-06 00:34:07.849,100.04,3,100.04,3,100.04,2
2017-12-06 00:34:23.415,100.05,3,100.05,1,100.05,2
2017-12-06 00:37:05.305,100.05,2,100.05,1,100.05,1
2017-12-06 00:37:28.236,100.04,1,100.04,2,100.04,3
2017-12-06 00:38:56.637,100.04,3,100.04,2,100.04,3
2017-12-06 00:42:13.323,100.04,2,100.04,2,100.04,2
2017-12-06 00:43:07.129,100.06,2,100.06,2,100.06,3
2017-12-06 00:44:08.607,100.06,1,100.06,1,100.06,3
2017-12-06 00:44:43.696,100.07,1,100.07,2,100.07,2
2017-12-06 00:46:12.236,100.10,3,100.10,2,100.10,2
2017-12-06 00:46:17.880,100.10,1,100.10,2,100.10,1
2017-12-06 00:46:57.589,100.12,2,100.12,1,100.12,1
2017-12-06 00:51:30.463,100.15,2,100.15,1,100.15,2
2017-12-06 00:51:34.170,100.15,3,100.15,2,100.15,1
2017-12-06 00:55:51.179,100.14,3,100.14,2,100.14,3
2017-12-06 00:57:04.364,100.15,1,100.15,2,100.15,2
2017-12-06 00:57:42.308,100.15,2,100.15,3,100.15,1
2017-12-06 01:03:07.760,100.16,3,100.16,3,100.16,3
2017-12-06 01:03:36.354,100.16,2,100.16,2,100.16,2
2017-12-06 01:03:51.638,100.18,1,100.18,2,100.18,2
2017-12-06 01:04:47.106,100.17,3,100.17,1,100.17,3
2017-12-06 01:05:45.386,100.16,3,100.16,1,100.16,3
2017-12-06 01:07:43.250,100.16,3,100.16,2,100.16,1
2017-12-06 01:08:03.993,100.16,2,100.16,3,100.16,2
2017-12-06 01:11:30.988,100.14,1,100.14,2,100.14,1
2017-12-06 01:13:49.676,100.13,1,100.13,1,100.13,1
2017-12-06 01:15:15.081,100.12,3,100.12,1,100.12,2
2017-12-06 01:17:50.536,100.11,2,100.11,2,100.11,2
2017-12-06 01:19:19.072,100.13,2,100.13,1,100.13,3
2017-12-06 01:21:12.396,100.14,2,100.14,3,100.14,2
2017-12-06 01:23:11.053,100.15,3,100.15,2,100.15,3
2017-12-06 01:24:36.895,100.16,3,100.16,3,100.16,3
2017-12-06 01:25:55.755,100.15,2,100.15,3,100.15,2
2017-12-06 01:25:57.588,100.16,1,100.16,2,100.16,1
2017-12-06 01:26:19.546,100.16,2,100.16,2,100.16,2
2017-12-06 01:27:04.264,100.15,1,100.15,1,100.15,1
2017-12-06 01:27:06.523,100.15,1,100.15,1,100.15,3
2017-12-06 01:27:07.288,100.15,3,100.15,2,100.15,1
2017-12-06 01:28:07.169,100.16,3,100.16,2,100.16,2
2017-12-06 01:29:21.253,100.16,2,100.16,3,100.16,2
2017-12-06 01:34:15.478,100.16,2,100.16,3,100.16,1
2017-12-06 01:35:07.101,100.16,3,100.16,1,100.16,3
2017-12-06 01:37:26.723,100.15,1,100.15,2,100.15,2
2017-12-06 01:43:41.429,100.14,3,100.14,3,100.14,3
2017-12-06 01:44:16.106,100.14,2,100.14,3,100.14,1
2017-12-06 01:45:55.058,100.12,2,100.12,1,100.12,1
2017-12-06 01:46:16.894,100.12,3,100.12,3,100.12,1
2017-12-06 01:47:09.501,100.11,1,100.11,2,100.11,3
2017-12-06 01:48:28.718,100.08,2,100.08,1,100.08,3
2017-12-06 01:48:55.860,100.08,1,100.08,2,100.08,2
2017-12-06 01:49:45.579,100.08,1,100.08,2,100.08,1
2017-12-06 01:50:37.590,100.08,1,100.08,1,100.08,1
2017-12-06 01:50:38.716,100.09,2,100.09,3,100.09,3
2017-12-06 01:50:48.138,100.09,1,100.09,3,100.09,3
2017-12-06 01:54:35.106,100.09,1,100.09,3,100.09,2
2017-12-06 01:55:58.571,100.06,2,100.06,1,100.06,1
2017-12-06 01:56:13.227,100.06,2,100.06,3,100.06,2
2017-12-06 01:57:25.974,100.06,3,100.06,2,100.06,1
2017-12-06 01:57:34.976,100.06,2,100.06,3,100.06,1
2017-12-06 01:58:42.976,100.06,3,100.06,2,100.06,1
2017-12-06 02:00:24.634,100.06,2,100.06,3,100.06,2
2017-12-06 02:01:26.871,100.05,1,100.05,3,100.05,1
2017-12-06 02:01:51.583,100.05,3,100.05,2,100.05,3
2017-12-06 02:04:37.203,100.04,2,100.04,3,100.04,2
2017-12-06 02:07:42.535,100.04,3,100.04,1,100.04,1
2017-12-06 02:07:48.156,100.04,3,100.04,2,100.04,1
2017-12-06 02:07:56.677,100.04,2,100.04,1,100.04,1
2017-12-06 02:13:45.143,100.00,1,100.00,1,100.00,2
2017-12-06 02:15:43.094,100.03,3,100.03,1,100.03,3
2017-12-06 02:17:52.827,100.02,3,100.02,2,100.02,2
2017-12-06 02:18:36.645,100.02,2,100.02,1,100.02,2
2017-12-06 02:18:57.818,100.02,3,100.02,1,100.02,3
2017-12-06 02:20:20.373,100.04,3,100.04,3,100.04,2
2017-12-06 02:22:11.174,100.03,1,100.03,3,100.03,1
2017-12-06 02:23:22.752,100.03,1,100.03,2,100.03,3
2017-12-06 02:24:50.653,100.02,2,100.02,1,100.02,1
2017-12-06 02:25:22.781,100.02,1,100.02,2,100.02,3
2017-12-06 02:26:07.367,100.04,2,100.04,1,100.04,3
2017-12-06 02:26:37.489,100.03,1,100.03,2,100.03,3
2017-12-06 02:27:58.648,100.02,2,100.02,1,100.02,1
2017-12-06 02:28:12.756,100.02,1,100.02,2,100.02,3
2017-12-06 02:31:51.905,100.03,1,100.03,3,100.03,3
2017-12-06 02:33:07.885,100.02,2,100.02,3,100.02,2
2017-12-06 02:36:43.773,100.05,3,100.05,3,100.05,2
2017-12-06 02:37:48.114,100.07,3,100.07,1,100.07,3
2017-12-06 02:38:04.946,100.07,1,100.07,2,100.07,3
2017-12-06 02:38:23.168,100.08,2,100.08,1,100.08,3
2017-12-06 02:39:04.563,100.08,3,100.08,3,100.08,2
2017-12-06 02:41:50.562,100.08,3,100.08,3,100.08,3
2017-12-06 02:43:33.440,100.08,3,100.08,3,100.08,2
2017-12-06 02:50:20.629,100.10,3,100.10,1,100.10,1
2017-12-06 02:53:08.643,100.07,2,100.07,2,100.07,1
2017-12-06 02:53:48.892,100.07,1,100.07,2,100.07,3
2017-12-06 02:56:15.900,100.05,3,100.05,3,100.05,1
2017-12-06 02:57:56.709,100.05,2,100.05,1,100.05,2
2017-12-06 02:58:09.598,100.05,1,100.05,1,100.05,3
2017-12-06 03:04:05.769,100.00,2,100.00,2,100.00,2
2017-12-06 03:11:04.338,100.04,3,100.04,1,100.04,1
2017-12-06 03:11:06.549,100.04,3,100.04,1,100.04,2
2017-12-06 03:12:31.299,100.02,3,100.02,2,100.02,2
2017-12-06 03:14:39.301,100.03,3,100.03,2,100.03,2
2017-12-06 03:15:54.278,100.05,1,100.05,2,100.05,2
2017-12-06 03:16:49.522,100.04,3,100.04,1,100.04,2
2017-12-06 03:17:42.409,100.04,2,100.04,1,100.04,1
2017-12-06 03:18:29.725,100.03,1,100.03,2,100.03,2
2017-12-06 03:22:58.860,99.99,3,99.99,2,99.99,1
2017-12-06 03:24:13.331,99.99,1,99.99,1,99.99,2
2017-12-06 03:24:47.287,99.99,2,99.99,3,99.99,3
2017-12-06 03:25:22.857,99.99,1,99.99,2,99.99,2
2017-12-06 03:29:56.885,99.99,3,99.99,1,99.99,3
2017-12-06 03:35:21.928,99.95,2,99.95,3,99.95,2
2017-12-06 03:36:42.930,99.93,1,99.93,3,99.93,2
2017-12-06 03:37:20.738,99.95,3,99.95,2,99.95,2
2017-12-06 03:41:28.901,99.94,2,99.94,1,99.94,2
2017-12-06 03:44:24.445,99.99,2,99.99,1,99.99,1
2017-12-06 03:46:30.738,100.01,1,100.01,3,100.01,1
2017-12-06 03:48:37.417,100.03,3,100.03,1,100.03,2
2017-12-06 03:49:19.687,100.02,3,100.02,3,100.02,1
2017-12-06 03:51:01.735,100.02,1,100.02,3,100.02,1
2017-12-06 03:59:15.239,100.01,2,100.01,1,100.01,3
2017-12-06 04:01:35.337,100.02,2,100.02,3,100.02,2
2017-12-06 04:06:04.423,100.02,2,100.02,1,100.02,2
2017-12-06 04:06:16.941,100.02,1,100.02,2,100.02,2
2017-12-06 04:07:28.364,100.05,1,100.05,2,100.05,3
2017-12-06 04:09:13.856,100.05,2,100.05,1,100.05,2
2017-12-06 04:09:22.041,100.05,3,100.05,1,100.05,3
2017-12-06 04:10:04.311,100.05,2,100.05,1,100.05,2
2017-12-06 04:10:25.345,100.06,3,100.06,3,100.06,1
2017-12-06 04:11:13.095,100.06,3,100.06,2,100.06,1
2017-12-06 04:11:43.974,100.07,2,100.07,3,100.07,1
2017-12-06 04:16:05.236,100.07,3,100.07,3,100.07,2
2017-12-06 04:17:30.528,100.08,2,100.08,1,100.08,3
2017-12-06 04:18:40.671,100.08,1,100.08,1,100.08,1
2017-12-06 04:19:12.468,100.07,2,100.07,3,100.07,2
2017-12-06 04:23:55.031,100.03,2,100.03,2,100.03,1
2017-12-06 04:24:18.866,100.04,2,100.04,1,100.04,3
2017-12-06 04:24:35.668,100.05,1,100.05,3,100.05,3
2017-12-06 04:24:51.678,100.05,1,100.05,2,100.05,1
2017-12-06 04:24:57.259,100.05,1,100.05,1,100.05,1
2017-12-06 04:28:49.214,100.06,2,100.06,3,100.06,2
2017-12-06 04:28:54.208,100.06,3,100.06,1,100.06,1
2017-12-06 04:33:36.098,100.03,1,100.03,3,100.03,3
2017-12-06 04:35:00.248,100.01,2,100.01,3,100.01,3
2017-12-06 04:35:05.899,100.01,3,100.01,2,100.01,1
2017-12-06 04:37:39.360,100.01,1,100.01,2,100.01,2
2017-12-06 04:39:18.411,100.00,3,100.00,1,100.00,1
2017-12-06 04:41:53.490,99.99,2,99.99,3,99.99,3
2017-12-06 04:44:37.170,99.99,1,99.99,2,99.99,2
2017-12-06 04:45:08.020,100.01,2,100.01,1,100.01,1
2017-12-06 04:45:14.981,100.01,1,100.01,2,100.01,2
2017-12-06 04:46:17.842,100.03,2,100.03,1,100.03,1
2017-12-06 04:47:34.451,100.03,1,100.03,1,100.03,2
2017-12-06 04:49:22.400,100.02,2,100.02,1,100.02,1
2017-12-06 04:52:22.981,100.00,3,100.00,1,100.00,3
2017-12-06 04:54:12.558,100.01,1,100.01,3,100.01,1
2017-12-06 04:54:15.024,100.01,3,100.01,2,100.01,2
2017-12-06 04:55:38.742,100.01,3,100.01,3,100.01,3
2017-12-06 04:59:17.635,99.99,1,99.99,1,99.99,3
2017-12-06 04:59:57.487,99.99,2,99.99,2,99.99,3
2017-12-06 05:00:43.800,99.99,2,99.99,2,99.99,1
2017-12-06 05:01:45.961,99.99,3,99.99,1,99.99,2
2017-12-06 05:02:28.321,99.99,3,99.99,2,99.99,2
2017-12-06 05:02:58.527,100.00,3,100.00,3,100.00,2
2017-12-06 05:07:20.630,99.95,2,99.95,1,99.95,2
2017-12-06 05:07:43.461,99.96,2,99.96,3,99.96,3
2017-12-06 05:07:57.544,99.96,3,99.96,1,99.96,2
2017-12-06 05:08:15.619,99.97,2,99.97,1,99.97,2
2017-12-06 05:11:11.344,99.94,3,99.94,3,99.94,2
2017-12-06 05:17:48.563,99.91,3,99.91,1,99.91,1
2017-12-06 05:18:13.041,99.92,1,99.92,2,99.92,2
2017-12-06 05:19:55.110,99.89,1,99.89,3,99.89,1
2017-12-06 05:22:46.335,99.88,3,99.88,2,99.88,3
2017-12-06 05:24:43.218,99.86,2,99.86,3,99.86,1
2017-12-06 05:24:46.631,99.86,1,99.86,1,99.86,1
2017-12-06 05:27:04.594,99.89,2,99.89,1,99.89,2
2017-12-06 05:31:35.403,99.92,2,99.92,2,99.92,1
2017-12-06 05:34:08.422,99.91,3,99.91,3,99.91,3
2017-12-06 05:34:19.466,99.92,3,99.92,1,99.92,1
2017-12-06 05:35:39.009,99.92,1,99.92,2,99.92,1
2017-12-06 05:38:08.366,99.93,1,99.93,3,99.93,3
2017-12-06 05:38:34.879,99.93,1,99.93,2,99.93,1
2017-12-06 05:38:50.993,99.93,2,99.93,1,99.93,2
2017-12-06 05:38:58.556,99.93,3,99.93,3,99.93,2
2017-12-06 05:39:02.768,99.94,1,99.94,2,99.94,2
2017-12-06 05:39:06.382,99.94,2,99.94,2,99.94,3
2017-12-06 05:39:44.820,99.94,2,99.94,2,99.94,3
2017-12-06 05:42:43.624,99.94,1,99.94,1,99.94,1
2017-12-06 05:42:48.184,99.94,2,99.94,1,99.94,1
2017-12-06 05:43:36.065,99.92,1,99.92,1,99.92,1
2017-12-06 05:44:14.580,99.92,3,99.92,2,99.92,1
2017-12-06 05:44:23.649,99.92,1,99.92,1,99.92,3
2017-12-06 05:46:32.097,99.93,1,99.93,3,99.93,2
2017-12-06 05:46:56.520,99.91,2,99.91,3,99.91,3
2017-12-06 05:52:03.187,99.91,1,99.91,1,99.91,3
2017-12-06 05:53:05.154,99.92,3,99.92,1,99.92,3
2017-12-06 05:53:48.184,99.92,3,99.92,1,99.92,3
2017-12-06 05:54:11.144,99.91,1,99.91,2,99.91,1
2017-12-06 05:55:09.105,99.92,2,99.92,2,99.92,3
2017-12-06 05:58:54.448,99.92,1,99.92,2,99.92,3
2017-12-06 06:00:04.186,99.92,3,99.92,1,99.92,3
2017-12-06 06:01:42.926,99.92,1,99.92,3,99.92,2
2017-12-06 06:01:50.868,99.92,2,99.92,3,99.92,2
2017-12-06 06:06:11.596,99.93,2,99.93,2,99.93,1
2017-12-06 06:06:35.686,99.92,1,99.92,1,99.92,3
2017-12-06 06:09:01.322,99.92,1,99.92,3,99.92,1
2017-12-06 06:09:09.057,99.91,2,99.91,3,99.91,1
2017-12-06 06:09:27.661,99.90,1,99.90,1,99.90,2
2017-12-06 06:11:05.886,99.89,2,99.89,3,99.89,3
2017-12-06 06:12:10.336,99.89,2,99.89,1,99.89,2
2017-12-06 06:12:51.384,99.89,2,99.89,3,99.89,2
2017-12-06 06:13:19.656,99.88,1,99.88,3,99.88,3
2017-12-06 06:13:50.343,99.86,2,99.86,3,99.86,3
2017-12-06 06:17:14.777,99.84,1,99.84,2,99.84,2
2017-12-06 06:19:01.365,99.86,3,99.86,2,99.86,3
2017-12-06 06:19:34.720,99.86,1,99.86,1,99.86,1
2017-12-06 06:19:48.351,99.87,3,99.87,2,99.87,3
2017-12-06 06:21:22.771,99.86,3,99.86,3,99.86,2
2017-12-06 06:23:08.082,99.84,2,99.84,3,99.84,3
2017-12-06 06:23:26.085,99.84,1,99.84,3,99.84,2
2017-12-06 06:25:42.747,99.87,2,99.87,2,99.87,3
2017-12-06 06:26:14.303,99.86,2,99.86,2,99.86,2
2017-12-06 06:27:27.408,99.85,1,99.85,1,99.85,3
2017-12-06 06:29:14.343,99.84,2,99.84,1,99.84,1
2017-12-06 06:31:10.484,99.85,1,99.85,3,99.85,1
2017-12-06 06:33:19.393,99.84,2,99.84,3,99.84,1
2017-12-06 06:33:33.467,99.84,3,99.84,2,99.84,3
2017-12-06 06:33:37.892,99.84,3,99.84,2,99.84,1
2017-12-06 06:36:05.213,99.84,1,99.84,2,99.84,3
2017-12-06 06:40:39.024,99.85,2,99.85,2,99.85,2
2017-12-06 06:43:25.338,99.83,2,99.83,2,99.83,2
2017-12-06 06:44:20.561,99.82,2,99.82,2,99.82,1
2017-12-06 06:45:17.896,99.83,1,99.83,1,99.83,1
2017-12-06 06:45:59.760,99.81,3,99.81,1,99.81,2
2017-12-06 06:49:04.495,99.82,2,99.82,1,99.82,1
2017-12-06 06:50:13.274,99.81,3,99.81,2,99.81,3
2017-12-06 06:54:52.016,99.80,3,99.80,1,99.80,2
2017-12-06 06:55:12.321,99.80,1,99.80,3,99.80,1
2017-12-06 06:56:19.792,99.79,2,99.79,2,99.79,3
2017-12-06 06:56:35.061,99.79,1,99.79,1,99.79,2
2017-12-06 06:59:27.925,99.77,2,99.77,1,99.77,1
2017-12-06 07:01:44.824,99.76,2,99.76,2,99.76,1
2017-12-06 07:02:26.103,99.77,1,99.77,3,99.77,1
2017-12-06 07:03:31.278,99.78,3,99.78,3,99.78,3
2017-12-06 07:06:13.298,99.73,1,99.73,2,99.73,1
2017-12-06 07:09:40.610,99.73,3,99.73,1,99.73,1
2017-12-06 07:11:23.702,99.74,1,99.74,3,99.74,2
2017-12-06 07:15:17.194,99.74,3,99.74,1,99.74,1
2017-12-06 07:15:25.738,99.74,2,99.74,2,99.74,1
2017-12-06 07:15:37.871,99.74,2,99.74,2,99.74,1
2017-12-06 07:18:45.129,99.76,2,99.76,1,99.76,1
2017-12-06 07:19:32.427,99.76,3,99.76,3,99.76,3
2017-12-06 07:23:39.946,99.75,1,99.75,3,99.75,2
2017-12-06 07:24:35.276,99.74,3,99.74,3,99.74,2
2017-12-06 07:24:37.929,99.74,3,99.74,3,99.74,2
2017-12-06 07:26:30.954,99.76,3,99.76,3,99.76,2
2017-12-06 07:28:05.562,99.76,3,99.76,2,99.76,1
2017-12-06 07:29:30.654,99.76,1,99.76,2,99.76,3
2017-12-06 07:29:34.459,99.76,2,99.76,1,99.76,3
2017-12-06 07:29:44.667,99.76,1,99.76,1,99.76,3
2017-12-06 07:36:39.697,99.77,1,99.77,2,99.77,3
2017-12-06 07:43:04.260,99.82,1,99.82,1,99.82,3
2017-12-06 07:43:15.095,99.82,3,99.82,2,99.82,1
2017-12-06 07:44:05.036,99.83,3,99.83,1,99.83,3
2017-12-06 07:48:59.923,99.84,2,99.84,2,99.84,1
2017-12-06 07:49:20.051,99.85,2,99.85,1,99.85,3
2017-12-06 07:50:40.517,99.84,1,99.84,2,99.84,3
2017-12-06 07:51:27.790,99.83,2,99.83,1,99.83,2
2017-12-06 07:58:24.202,99.87,1,99.87,3,99.87,1
2017-12-06 07:59:00.835,99.88,2,99.88,2,99.88,1
2017-12-06 07:59:03.041,99.88,3,99.88,1,99.88,3
2017-12-06 08:02:08.233,99.88,3,99.88,1,99.88,3
2017-12-06 08:04:19.968,99.91,3,99.91,2,99.91,2
2017-12-06 08:07:07.648,99.93,3,99.93,3,99.93,1
2017-12-06 08:07:55.652,99.94,2,99.94,2,99.94,3
2017-12-06 08:08:48.657,99.92,3,99.92,3,99.92,3
2017-12-06 08:11:03.478,99.91,2,99.91,1,99.91,2
2017-12-06 08:11:22.247,99.91,2,99.91,3,99.91,1
2017-12-06 08:12:30.813,99.91,2,99.91,2,99.91,1
2017-12-06 08:13:06.955,99.92,3,99.92,2,99.92,2
2017-12-06 08:14:08.714,99.92,2,99.92,1,99.92,2
2017-12-06 08:14:59.455,99.90,1,99.90,2,99.90,2
2017-12-06 08:18:08.509,99.92,1,99.92,1,99.92,1
2017-12-06 08:18:31.292,99.91,1,99.91,3,99.91,3
2017-12-06 08:24:37.248,99.88,3,99.88,3,99.88,2
2017-12-06 08:24:42.314,99.87,3,99.87,3,99.87,3
2017-12-06 08:25:19.372,99.88,1,99.88,2,99.88,1
2017-12-06 08:27:20.458,99.87,3,99.87,3,99.87,1
2017-12-06 08:30:01.076,99.90,3,99.90,2,99.90,2
2017-12-06 08:30:15.195,99.90,1,99.90,1,99.90,1
2017-12-06 08:31:31.599,99.92,3,99.92,3,99.92,3
2017-12-06 08:32:42.604,99.93,1,99.93,1,99.93,1
2017-12-06 08:37:14.538,99.92,3,99.92,1,99.92,2
2017-12-06 08:39:07.508,99.94,1,99.94,3,99.94,1
2017-12-06 08:39:10.841,99.94,3,99.94,1,99.94,1
2017-12-06 08:40:13.613,99.93,3,99.93,2,99.93,2
2017-12-06 08:42:44.895,99.95,1,99.95,3,99.95,1
2017-12-06 08:43:54.569,99.96,2,99.96,1,99.96,1
2017-12-06 08:45:32.683,99.97,1,99.97,2,99.97,1
2017-12-06 08:47:24.505,99.95,1,99.95,3,99.95,2
2017-12-06 08:49:48.830,99.97,1,99.97,1,99.97,3
2017-12-06 08:50:28.549,99.99,2,99.99,2,99.99,3
2017-12-06 08:50:39.844,99.99,2,99.99,3,99.99,2
2017-12-06 08:54:23.192,99.98,3,99.98,3,99.98,2
2017-12-06 08:57:16.352,99.98,1,99.98,3,99.98,3
2017-12-06 08:57:22.374,99.98,3,99.98,2,99.98,1
2017-12-06 08:57:51.368,99.98,1,99.98,3,99.98,2
2017-12-06 08:58:23.686,99.98,3,99.98,2,99.98,3
2017-12-06 09:03:15.939,99.99,1,99.99,1,99.99,3
2017-12-06 09:03:31.302,99.98,1,99.98,2,99.98,1
2017-12-06 09:04:11.910,100.00,1,100.00,2,100.00,2
2017-12-06 09:06:48.156,100.01,1,100.01,3,100.01,3
2017-12-06 09:13:04.690,99.99,1,99.99,1,99.99,3
2017-12-06 09:13:57.979,100.01,3,100.01,1,100.01,2
2017-12-06 09:16:25.725,100.01,2,100.01,3,100.01,3
2017-12-06 09:19:10.983,100.00,2,100.00,2,100.00,1
2017-12-06 09:19:22.731,99.99,1,99.99,1,99.99,2
2017-12-06 09:19:22.840,99.99,1,99.99,3,99.99,3
2017-12-06 09:22:56.775,99.98,2,99.98,1,99.98,1
2017-12-06 09:24:32.109,99.98,2,99.98,3,99.98,3
2017-12-06 09:25:48.693,99.98,3,99.98,1,99.98,3
2017-12-06 09:32:45.219,99.98,1,99.98,2,99.98,1
2017-12-06 09:32:53.590,99.98,3,99.98,1,99.98,1
2017-12-06 09:34:55.294,99.97,2,99.97,2,99.97,2
2017-12-06 09:35:24.450,99.97,2,99.97,3,99.97,3
2017-12-06 09:35:56.510,99.96,1,99.96,3,99.96,3
2017-12-06 09:36:51.719,99.96,3,99.96,3,99.96,3
2017-12-06 09:38:46.744,99.97,2,99.97,3,99.97,2
2017-12-06 09:39:48.401,99.97,3,99.97,1,99.97,1
2017-12-06 09:40:46.523,99.97,2,99.97,2,99.97,3
2017-12-06 09:42:32.653,99.96,3,99.96,1,99.96,2
2017-12-06 09:43:22.809,99.98,1,99.98,3,99.98,3
2017-12-06 09:43:42.081,99.98,1,99.98,1,99.98,3
2017-12-06 09:46:51.801,99.96,3,99.96,3,99.96,2
2017-12-06 09:49:07.470,99.97,2,99.97,3,99.97,2
2017-12-06 09:53:28.739,99.98,1,99.98,3,99.98,3
2017-12-06 09:55:05.607,100.00,2,100.00,3,100.00,2
2017-12-06 09:58:47.748,100.00,2,100.00,3,100.00,1
2017-12-06 10:01:47.765,100.00,1,100.00,3,100.00,1
2017-12-06 10:01:49.246,100.00,1,100.00,3,100.00,3
2017-12-06 10:06:03.438,99.99,2,99.99,1,99.99,2
2017-12-06 10:06:27.864,99.99,3,99.99,3,99.99,2
2017-12-06 10:06:50.666,99.99,3,99.99,3,99.99,1
2017-12-06 10:07:16.483,99.98,3,99.98,1,99.98,2
2017-12-06 10:07:27.465,99.99,1,99.99,3,99.99,2
2017-12-06 10:08:38.670,99.99,3,99.99,2,99.99,2
2017-12-06 10:08:46.573,99.99,2,99.99,1,99.99,1
2017-12-06 10:09:22.591,99.99,2,99.99,2,99.99,1
2017-12-06 10:09:31.796,99.99,3,99.99,1,99.99,3
2017-12-06 10:09:53.637,99.99,3,99.99,1,99.99,2
2017-12-06 10:09:58.004,99.99,1,99.99,3,99.99,2
2017-12-06 10:10:12.083,100.00,2,100.00,2,100.00,1
2017-12-06 10:10:13.486,99.99,2,99.99,2,99.99,2
2017-12-06 10:12:52.362,100.00,2,100.00,2,100.00,2
2017-12-06 10:14:37.282,99.99,3,99.99,3,99.99,3
2017-12-06 10:18:05.594,100.01,1,100.01,2,100.01,1
2017-12-06 10:18:18.145,100.02,1,100.02,1,100.02,2
2017-12-06 10:20:04.246,100.00,3,100.00,1,100.00,2
2017-12-06 10:23:48.628,100.05,2,100.05,3,100.05,2
2017-12-06 10:24:11.640,100.06,2,100.06,2,100.06,1
2017-12-06 10:26:07.434,100.06,2,100.06,1,100.06,1
2017-12-06 10:27:40.068,100.06,2,100.06,2,100.06,2
2017-12-06 10:28:01.440,100.07,1,100.07,2,100.07,2
2017-12-06 10:30:44.380,100.07,3,100.07,1,100.07,1
2017-12-06 10:34:19.792,100.06,1,100.06,1,100.06,1
2017-12-06 10:35:02.177,100.05,3,100.05,3,100.05,3
2017-12-06 10:35:07.827,100.05,1,100.05,3,100.05,1
2017-12-06 10:36:51.389,100.07,2,100.07,2,100.07,2
2017-12-06 10:38:14.736,100.06,1,100.06,2,100.06,2
2017-12-06 10:40:49.399,100.06,2,100.06,3,100.06,2
2017-12-06 10:42:28.213,100.07,3,100.07,1,100.07,2
2017-12-06 10:42:53.364,100.08,1,100.08,2,100.08,1
2017-12-06 10:43:28.400,100.08,3,100.08,1,100.08,1
2017-12-06 10:43:54.599,100.09,1,100.09,1,100.09,1
2017-12-06 10:44:38.439,100.08,3,100.08,3,100.08,3
2017-12-06 10:45:39.828,100.07,3,100.07,2,100.07,1
2017-12-06 10:48:18.856,100.08,1,100.08,1,100.08,3
2017-12-06 10:48:51.605,100.08,1,100.08,1,100.08,2
2017-12-06 10:50:58.664,100.08,3,100.08,2,100.08,1
2017-12-06 10:51:08.221,100.07,3,100.07,2,100.07,3
2017-12-06 10:57:45.424,100.12,3,100.12,1,100.12,3
2017-12-06 10:59:56.362,100.12,3,100.12,2,100.12,2
2017-12-06 11:01:25.409,100.12,1,100.12,3,100.12,3
2017-12-06 11:04:03.410,100.12,1,100.12,3,100.12,2
2017-12-06 11:04:20.392,100.13,3,100.13,2,100.13,3
2017-12-06 11:04:45.508,100.13,1,100.13,3,100.13,2
2017-12-06 11:09:33.254,100.12,2,100.12,2,100.12,2
2017-12-06 11:11:29.410,100.12,1,100.12,1,100.12,1
2017-12-06 11:12:28.544,100.14,2,100.14,1,100.14,3
2017-12-06 11:15:58.454,100.13,3,100.13,3,100.13,3
2017-12-06 11:16:37.715,100.14,3,100.14,1,100.14,3
2017-12-06 11:26:15.800,100.16,3,100.16,3,100.16,1
2017-12-06 11:27:36.571,100.15,1,100.15,3,100.15,3
2017-12-06 11:29:07.110,100.14,1,100.14,1,100.14,3
2017-12-06 11:29:12.388,100.13,3,100.13,2,100.13,1
2017-12-06 11:30:22.593,100.16,3,100.16,2,100.16,1
2017-12-06 11:32:50.187,100.14,1,100.14,1,100.14,3
2017-12-06 11:33:00.906,100.14,3,100.14,3,100.14,1
2017-12-06 11:33:22.696,100.14,2,100.14,1,100.14,2
2017-12-06 11:37:28.877,100.13,1,100.13,3,100.13,1
2017-12-06 11:45:21.916,100.15,1,100.15,2,100.15,3
2017-12-06 11:45:46.810,100.15,2,100.15,2,100.15,2
2017-12-06 11:51:29.975,100.19,1,100.19,1,100.19,3
2017-12-06 11:54:39.019,100.18,3,100.18,1,100.18,3
2017-12-06 11:55:56.655,100.19,1,100.19,2,100.19,3
2017-12-06 11:56:18.471,100.20,2,100.20,2,100.20,2
2017-12-06 11:58:07.493,100.21,1,100.21,1,100.21,3
2017-12-06 11:58:15.119,100.21,2,100.21,1,100.21,2
2017-12-06 11:59:41.135,100.21,1,100.21,3,100.21,1
2017-12-06 12:00:28.594,100.20,1,100.20,1,100.20,1
2017-12-06 12:02:56.930,100.19,1,100.19,1,100.19,3
2017-12-06 12:03:27.473,100.18,3,100.18,3,100.18,3
2017-12-06 12:04:34.306,100.16,1,100.16,2,100.16,3
2017-12-06 12:05:02.298,100.17,3,100.17,1,100.17,3
2017-12-06 12:05:10.907,100.16,2,100.16,3,100.16,3
2017-12-06 12:07:02.445,100.13,1,100.13,2,100.13,2
2017-12-06 12:07:39.369,100.13,3,100.13,3,100.13,1
2017-12-06 12:07:58.918,100.14,3,100.14,3,100.14,2
2017-12-06 12:11:15.698,100.15,3,100.15,3,100.15,3
2017-12-06 12:12:04.943,100.16,1,100.16,1,100.16,1
2017-12-06 12:13:37.970,100.15,2,100.15,1,100.15,3
2017-12-06 12:13:43.885,100.14,3,100.14,2,100.14,3
2017-12-06 12:15:38.458,100.15,3,100.15,3,100.15,2
2017-12-06 12:15:53.486,100.16,2,100.16,1,100.16,2
2017-12-06 12:18:20.128,100.15,3,100.15,1,100.15,1
2017-12-06 12:19:13.973,100.16,3,100.16,1,100.16,2
2017-12-06 12:23:34.466,100.14,3,100.14,1,100.14,2
2017-12-06 12:29:10.470,100.16,3,100.16,1,100.16,3
2017-12-06 12:33:03.506,100.16,1,100.16,1,100.16,3
2017-12-06 12:33:23.195,100.17,2,100.17,1,100.17,3
2017-12-06 12:34:19.709,100.16,2,100.16,3,100.16,2
2017-12-06 12:36:10.348,100.19,1,100.19,1,100.19,3
2017-12-06 12:36:29.421,100.20,3,100.20,2,100.20,2
2017-12-06 12:40:32.599,100.18,2,100.18,2,100.18,2
2017-12-06 12:43:32.507,100.19,3,100.19,1,100.19,1
2017-12-06 12:45:20.830,100.16,2,100.16,3,100.16,1
2017-12-06 12:48:15.553,100.17,3,100.17,2,100.17,2
2017-12-06 12:49:17.092,100.16,3,100.16,1,100.16,3
2017-12-06 12:53:28.664,100.19,3,100.19,2,100.19,3
2017-12-06 12:54:25.898,100.18,2,100.18,3,100.18,2
2017-12-06 12:54:59.547,100.18,3,100.18,2,100.18,2
2017-12-06 12:55:51.202,100.19,3,100.19,3,100.19,1
2017-12-06 12:57:31.385,100.20,2,100.20,1,100.20,2
2017-12-06 13:00:13.828,100.21,1,100.21,2,100.21,3
2017-12-06 13:00:39.934,100.21,3,100.21,1,100.21,3
2017-12-06 13:02:19.853,100.22,2,100.22,1,100.22,2
2017-12-06 13:11:05.090,100.18,3,100.18,1,100.18,2
2017-12-06 13:13:02.995,100.19,3,100.19,1,100.19,3
2017-12-06 13:19:13.435,100.16,3,100.16,2,100.16,1
2017-12-06 13:19:46.747,100.17,1,100.17,1,100.17,3
2017-12-06 13:23:16.132,100.16,3,100.16,1,100.16,1
2017-12-06 13:23:49.314,100.17,3,100.17,1,100.17,3
2017-12-06 13:25:49.961,100.17,1,100.17,2,100.17,2
2017-12-06 13:27:57.526,100.16,3,100.16,1,100.16,2
2017-12-06 13:29:36.855,100.16,1,100.16,1,100.16,1
2017-12-06 13:30:20.850,100.15,3,100.15,3,100.15,3
2017-12-06 13:30:56.449,100.16,3,100.16,3,100.16,1
2017-12-06 13:33:41.812,100.16,2,100.16,1,100.16,3
2017-12-06 13:35:21.827,100.16,2,100.16,3,100.16,1
2017-12-06 13:43:59.959,100.14,3,100.14,1,100.14,1
2017-12-06 13:44:43.966,100.13,2,100.13,1,100.13,3
2017-12-06 13:44:55.867,100.12,2,100.12,2,100.12,3
2017-12-06 13:48:10.719,100.11,3,100.11,3,100.11,1
2017-12-06 13:49:14.267,100.13,1,100.13,1,100.13,3
2017-12-06 13:51:27.341,100.15,2,100.15,3,100.15,3
2017-12-06 13:56:22.937,100.11,2,100.11,3,100.11,3
2017-12-06 13:58:22.910,100.13,2,100.13,1,100.13,3
2017-12-06 14:00:33.067,100.12,1,100.12,2,100.12,1
2017-12-06 14:01:36.116,100.13,3,100.13,3,100.13,1
2017-12-06 14:02:47.736,100.13,1,100.13,3,100.13,2
2017-12-06 14:02:58.107,100.14,1,100.14,3,100.14,1
2017-12-06 14:04:18.866,100.14,2,100.14,2,100.14,1
2017-12-06 14:04:29.279,100.15,2,100.15,1,100.15,1
2017-12-06 14:06:48.888,100.16,2,100.16,3,100.16,1
2017-12-06 14:08:49.658,100.17,3,100.17,2,100.17,1
2017-12-06 14:15:35.794,100.16,1,100.16,2,100.16,2
2017-12-06 14:17:56.803,100.15,2,100.15,3,100.15,2
2017-12-06 14:21:25.358,100.15,2,100.15,2,100.15,2
2017-12-06 14:23:53.167,100.15,3,100.15,2,100.15,1
2017-12-06 14:24:03.613,100.15,2,100.15,1,100.15,1
2017-12-06 14:26:36.303,100.15,2,100.15,1,100.15,3
2017-12-06 14:27:22.190,100.16,3,100.16,3,100.16,3
2017-12-06 14:31:17.822,100.17,1,100.17,2,100.17,3
2017-12-06 14:32:06.017,100.18,2,100.18,1,100.18,3
2017-12-06 14:33:03.077,100.17,3,100.17,3,100.17,2
2017-12-06 14:33:34.037,100.15,1,100.15,1,100.15,1
2017-12-06 14:33:55.909,100.15,2,100.15,1,100.15,1
2017-12-06 14:34:01.577,100.15,3,100.15,1,100.15,3
2017-12-06 14:34:38.050,100.15,2,100.15,1,100.15,1
2017-12-06 14:34:46.004,100.15,1,100.15,2,100.15,1
2017-12-06 14:35:07.971,100.15,3,100.15,1,100.15,1
2017-12-06 14:35:56.629,100.15,3,100.15,1,100.15,2
2017-12-06 14:38:18.246,100.16,2,100.16,1,100.16,3
2017-12-06 14:40:00.399,100.14,3,100.14,2,100.14,1
2017-12-06 14:43:51.154,100.16,1,100.16,2,100.16,1
2017-12-06 14:44:36.525,100.15,1,100.15,1,100.15,2
2017-12-06 14:52:25.098,100.15,3,100.15,3,100.15,1
2017-12-06 14:52:31.713,100.15,3,100.15,3,100.15,2
2017-12-06 14:52:43.155,100.14,3,100.14,2,100.14,1
2017-12-06 14:55:55.031,100.16,1,100.16,3,100.16,3
2017-12-06 14:56:42.127,100.17,1,100.17,3,100.17,2
2017-12-06 14:58:35.656,100.15,2,100.15,2,100.15,3
2017-12-06 14:59:56.371,100.17,3,100.17,2,100.17,1
2017-12-06 15:00:06.951,100.17,3,100.17,2,100.17,2
2017-12-06 15:01:13.083,100.17,3,100.17,3,100.17,1
2017-12-06 15:03:33.646,100.19,3,100.19,3,100.19,3
2017-12-06 15:05:09.645,100.21,2,100.21,1,100.21,3
2017-12-06 15:05:58.516,100.22,3,100.22,1,100.22,1
2017-12-06 15:07:00.256,100.21,3,100.21,3,100.21,2
2017-12-06 15:07:10.044,100.21,1,100.21,1,100.21,1
2017-12-06 15:08:30.848,100.24,1,100.24,1,100.24,1
2017-12-06 15:09:15.605,100.24,3,100.24,3,100.24,1
2017-12-06 15:09:45.161,100.24,3,100.24,3,100.24,2
2017-12-06 15:11:48.166,100.22,2,100.22,3,100.22,2
2017-12-06 15:12:42.804,100.24,3,100.24,2,100.24,3
2017-12-06 15:14:04.316,100.22,2,100.22,2,100.22,3
2017-12-06 15:15:21.237,100.22,3,100.22,3,100.22,2
2017-12-06 15:15:43.388,100.22,1,100.22,2,100.22,1
2017-12-06 15:18:56.408,100.21,2,100.21,1,100.21,3
2017-12-06 15:19:22.442,100.22,1,100.22,2,100.22,1
2017-12-06 15:22:10.272,100.22,1,100.22,2,100.22,1
2017-12-06 15:22:27.499,100.23,1,100.23,1,100.23,2
2017-12-06 15:24:31.417,100.23,3,100.23,3,100.23,3
2017-12-06 15:24:33.372,100.23,3,100.23,1,100.23,1
2017-12-06 15:25:41.655,100.22,1,100.22,1,100.22,1
2017-12-06 15:26:14.947,100.22,2,100.22,3,100.22,2
2017-12-06 15:28:40.744,100.22,1,100.22,3,100.22,2
2017-12-06 15:32:53.164,100.24,1,100.24,2,100.24,2
2017-12-06 15:33:44.838,100.22,1,100.22,3,100.22,1
2017-12-06 15:34:01.181,100.23,3,100.23,1,100.23,1
2017-12-06 15:35:59.036,100.23,3,100.23,2,100.23,1
2017-12-06 15:38:21.987,100.21,2,100.21,1,100.21,2
2017-12-06 15:39:19.772,100.20,2,100.20,1,100.20,1
2017-12-06 15:39:42.568,100.21,1,100.21,3,100.21,2
2017-12-06 15:40:34.773,100.22,2,100.22,3,100.22,3
2017-12-06 15:44:49.225,100.23,1,100.23,2,100.23,2
2017-12-06 15:47:36.433,100.25,3,100.25,1,100.25,1
2017-12-06 15:49:48.279,100.26,2,100.26,1,100.26,3
2017-12-06 15:49:54.599,100.26,2,100.26,2,100.26,1
2017-12-06 15:50:27.985,100.24,3,100.24,1,100.24,3
2017-12-06 15:50:47.586,100.23,2,100.23,2,100.23,3
2017-12-06 15:51:46.802,100.25,1,100.25,2,100.25,1
2017-12-06 15:52:23.053,100.23,1,100.23,3,100.23,1
2017-12-06 15:54:34.923,100.24,2,100.24,1,100.24,2
2017-12-06 15:56:09.519,100.23,2,100.23,3,100.23,3
2017-12-06 15:59:43.854,100.23,3,100.23,1,100.23,2
2017-12-06 16:02:19.045,100.22,3,100.22,3,100.22,2
2017-12-06 16:02:34.086,100.22,1,100.22,2,100.22,1
2017-12-06 16:02:37.456,100.23,3,100.23,1,100.23,2
2017-12-06 16:04:32.937,100.21,1,100.21,2,100.21,2
2017-12-06 16:09:39.793,100.25,2,100.25,3,100.25,2
2017-12-06 16:11:41.926,100.25,2,100.25,2,100.25,2
2017-12-06 16:12:41.225,100.25,1,100.25,3,100.25,3
2017-12-06 16:13:24.146,100.26,1,100.26,3,100.26,1
2017-12-06 16:15:37.501,100.26,2,100.26,1,100.26,1
2017-12-06 16:17:22.491,100.25,1,100.25,3,100.25,1
2017-12-06 16:17:40.481,100.25,1,100.25,3,100.25,3
2017-12-06 16:17:57.521,100.26,3,100.26,1,100.26,3
2017-12-06 16:23:14.423,100.28,1,100.28,2,100.28,2
2017-12-06 16:28:16.500,100.25,1,100.25,2,100.25,3
2017-12-06 16:30:43.046,100.26,1,100.26,3,100.26,3
2017-12-06 16:31:27.643,100.26,3,100.26,2,100.26,3
2017-12-06 16:34:31.204,100.25,3,100.25,1,100.25,3
2017-12-06 16:38:06.152,100.28,1,100.28,2,100.28,1
2017-12-06 16:38:13.725,100.27,1,100.27,2,100.27,3
2017-12-06 16:40:03.874,100.30,1,100.30,2,100.30,3
2017-12-06 16:41:25.924,100.30,1,100.30,3,100.30,2
2017-12-06 16:42:20.609,100.28,1,100.28,1,100.28,3
2017-12-06 16:42:27.924,100.28,2,100.28,2,100.28,2
2017-12-06 16:45:16.778,100.28,2,100.28,3,100.28,3
2017-12-06 16:46:22.413,100.31,2,100.31,2,100.31,1
2017-12-06 16:46:28.350,100.31,1,100.31,3,100.31,3
2017-12-06 16:47:35.465,100.33,2,100.33,1,100.33,2
2017-12-06 16:48:12.021,100.32,1,100.32,1,100.32,3
2017-12-06 16:48:12.960,100.32,3,100.32,2,100.32,3
2017-12-06 16:49:54.858,100.32,1,100.32,2,100.32,2
2017-12-06 16:50:49.742,100.31,3,100.31,1,100.31,2
2017-12-06 16:52:27.996,100.30,2,100.30,1,100.30,2
2017-12-06 16:52:31.525,100.31,1,100.31,1,100.31,2
2017-12-06 16:54:52.728,100.29,1,100.29,1,100.29,1
2017-12-06 16:55:03.143,100.29,3,100.29,3,100.29,1
2017-12-06 16:55:13.019,100.29,1,100.29,1,100.29,3
2017-12-06 16:55:28.544,100.29,1,100.29,2,100.29,1
2017-12-06 17:00:05.842,100.32,1,100.32,3,100.32,3
2017-12-06 17:00:12.771,100.31,2,100.31,2,100.31,2
2017-12-06 17:01:00.148,100.31,2,100.31,2,100.31,1
2017-12-06 17:02:44.269,100.32,2,100.32,2,100.32,3
2017-12-06 17:06:10.720,100.32,1,100.32,3,100.32,1
2017-12-06 17:06:11.485,100.32,2,100.32,3,100.32,1
2017-12-06 17:08:38.220,100.32,2,100.32,3,100.32,2
2017-12-06 17:09:50.476,100.29,1,100.29,3,100.29,2
2017-12-06 17:12:55.039,100.32,3,100.32,2,100.32,2
2017-12-06 17:16:08.196,100.30,2,100.30,3,100.30,1
2017-12-06 17:16:54.349,100.31,3,100.31,1,100.31,1
2017-12-06 17:21:27.720,100.31,1,100.31,3,100.31,2
2017-12-06 17:21:28.316,100.31,2,100.31,3,100.31,3
2017-12-06 17:26:30.672,100.35,2,100.35,2,100.35,2
2017-12-06 17:29:26.011,100.35,1,100.35,3,100.35,1
2017-12-06 17:29:32.354,100.34,2,100.34,2,100.34,1
2017-12-06 17:30:21.891,100.35,1,100.35,1,100.35,2
2017-12-06 17:30:42.678,100.35,2,100.35,1,100.35,2
2017-12-06 17:31:14.421,100.35,3,100.35,2,100.35,1
2017-12-06 17:34:28.689,100.35,2,100.35,1,100.35,3
2017-12-06 17:37:06.206,100.32,1,100.32,2,100.32,3
2017-12-06 17:38:42.171,100.31,2,100.31,2,100.31,3
2017-12-06 17:39:46.540,100.31,2,100.31,2,100.31,1
2017-12-06 17:41:45.315,100.30,2,100.30,2,100.30,2
2017-12-06 17:44:02.382,100.30,2,100.30,3,100.30,3
2017-12-06 17:44:44.051,100.29,3,100.29,1,100.29,2
2017-12-06 17:45:02.012,100.29,1,100.29,2,100.29,3
2017-12-06 17:45:05.001,100.29,2,100.29,1,100.29,1
2017-12-06 17:49:57.981,100.28,3,100.28,1,100.28,2
2017-12-06 17:51:13.252,100.27,1,100.27,2,100.27,3
2017-12-06 17:53:41.012,100.31,3,100.31,1,100.31,1
2017-12-06 17:55:33.302,100.32,1,100.32,2,100.32,3
2017-12-06 17:57:09.330,100.32,2,100.32,1,100.32,3
2017-12-06 18:00:03.775,100.32,2,100.32,3,100.32,1
2017-12-06 18:00:07.789,100.33,1,100.33,3,100.33,1
2017-12-06 18:03:35.440,100.31,2,100.31,3,100.31,2
2017-12-06 18:07:29.941,100.27,2,100.27,1,100.27,2
2017-12-06 18:08:52.188,100.28,2,100.28,2,100.28,3
2017-12-06 18:10:27.186,100.29,1,100.29,3,100.29,1
2017-12-06 18:10:41.829,100.29,3,100.29,1,100.29,3
2017-12-06 18:11:43.344,100.28,1,100.28,3,100.28,3
2017-12-06 18:13:11.922,100.30,1,100.30,2,100.30,2
2017-12-06 18:13:50.627,100.29,3,100.29,1,100.29,3
2017-12-06 18:14:05.979,100.29,1,100.29,3,100.29,3
2017-12-06 18:14:28.795,100.29,1,100.29,2,100.29,2
2017-12-06 18:21:21.643,100.26,2,100.26,2,100.26,1
2017-12-06 18:23:18.560,100.25,1,100.25,1,100.25,1
2017-12-06 18:23:53.693,100.26,2,100.26,2,100.26,3
2017-12-06 18:24:46.296,100.25,2,100.25,2,100.25,1
2017-12-06 18:26:22.011,100.26,2,100.26,2,100.26,3
2017-12-06 18:26:58.359,100.27,2,100.27,1,100.27,2
2017-12-06 18:32:33.891,100.23,2,100.23,2,100.23,2
2017-12-06 18:33:30.301,100.25,1,100.25,1,100.25,1
2017-12-06 18:34:02.932,100.25,1,100.25,1,100.25,2
2017-12-06 18:35:09.206,100.24,3,100.24,3,100.24,1
2017-12-06 18:36:15.894,100.24,3,100.24,2,100.24,2
2017-12-06 18:40:10.748,100.23,2,100.23,2,100.23,3
2017-12-06 18:41:03.314,100.23,3,100.23,1,100.23,3
2017-12-06 18:42:50.454,100.23,3,100.23,2,100.23,2
2017-12-06 18:42:59.519,100.23,3,100.23,1,100.23,2
2017-12-06 18:43:52.409,100.26,1,100.26,3,100.26,2
2017-12-06 18:47:22.636,100.28,2,100.28,1,100.28,1
2017-12-06 18:50:39.338,100.29,3,100.29,3,100.29,1
2017-12-06 18:53:36.389,100.26,2,100.26,2,100.26,3
2017-12-06 18:54:27.656,100.27,2,100.27,1,100.27,2
2017-12-06 18:55:52.280,100.27,3,100.27,2,100.27,2
2017-12-06 18:56:32.360,100.26,2,100.26,2,100.26,2
2017-12-06 19:00:13.538,100.29,2,100.29,2,100.29,3
2017-12-06 19:00:54.731,100.29,3,100.29,1,100.29,1
2017-12-06 19:02:51.343,100.29,1,100.29,2,100.29,2
2017-12-06 19:06:41.107,100.29,2,100.29,2,100.29,1
2017-12-06 19:07:08.927,100.29,2,100.29,3,100.29,1
2017-12-06 19:10:23.452,100.30,2,100.30,3,100.30,1
2017-12-06 19:11:51.729,100.30,1,100.30,1,100.30,1
2017-12-06 19:13:15.852,100.31,2,100.31,1,100.31,2
2017-12-06 19:13:27.753,100.31,2,100.31,3,100.31,2
2017-12-06 19:16:13.751,100.32,1,100.32,1,100.32,2
2017-12-06 19:16:57.631,100.31,3,100.31,1,100.31,1
2017-12-06 19:25:09.072,100.27,1,100.27,1,100.27,3
2017-12-06 19:27:19.091,100.28,2,100.28,2,100.28,1
2017-12-06 19:27:24.055,100.28,1,100.28,2,100.28,1
2017-12-06 19:27:37.180,100.28,2,100.28,2,100.28,2
2017-12-06 19:30:13.096,100.27,1,100.27,2,100.27,2
2017-12-06 19:31:59.765,100.28,1,100.28,3,100.28,3
2017-12-06 19:32:35.887,100.29,3,100.29,2,100.29,3
2017-12-06 19:33:32.884,100.28,2,100.28,3,100.28,2
2017-12-06 19:34:54.213,100.29,1,100.29,1,100.29,2
2017-12-06 19:37:41.776,100.28,3,100.28,1,100.28,3
2017-12-06 19:38:54.556,100.29,3,100.29,3,100.29,3
2017-12-06 19:41:49.589,100.29,1,100.29,2,100.29,2
2017-12-06 19:43:25.900,100.30,3,100.30,1,100.30,3
2017-12-06 19:43:53.440,100.31,1,100.31,1,100.31,2
2017-12-06 19:45:38.400,100.31,3,100.31,2,100.31,2
2017-12-06 19:48:54.659,100.30,3,100.30,3,100.30,3
2017-12-06 19:50:14.882,100.30,2,100.30,3,100.30,2
2017-12-06 19:56:22.359,100.28,1,100.28,1,100.28,1
2017-12-06 19:56:29.156,100.28,2,100.28,2,100.28,1
2017-12-06 19:57:22.194,100.29,2,100.29,1,100.29,1
2017-12-06 19:57:53.768,100.29,3,100.29,2,100.29,2
2017-12-06 19:58:33.424,100.30,2,100.30,1,100.30,1
2017-12-06 19:58:54.064,100.30,1,100.30,1,100.30,2
2017-12-06 19:59:01.197,100.31,2,100.31,3,100.31,3
2017-12-06 19:59:24.734,100.30,3,100.30,1,100.30,2
2017-12-06 20:01:46.181,100.30,1,100.30,3,100.30,3
2017-12-06 20:02:20.188,100.30,2,100.30,1,100.30,3
2017-12-06 20:05:43.650,100.33,1,100.33,1,100.33,3
2017-12-06 20:13:07.229,100.33,1,100.33,2,100.33,1
2017-12-06 20:15:22.964,100.35,3,100.35,1,100.35,3
2017-12-06 20:16:34.651,100.35,1,100.35,3,100.35,1
2017-12-06 20:18:14.073,100.36,1,100.36,1,100.36,1
2017-12-06 20:18:51.297,100.36,3,100.36,2,100.36,3
2017-12-06 20:21:00.612,100.37,1,100.37,2,100.37,2
2017-12-06 20:25:46.010,100.34,3,100.34,1,100.34,3
2017-12-06 20:27:46.473,100.35,2,100.35,3,100.35,1
2017-12-06 20:29:09.635,100.36,2,100.36,1,100.36,2
2017-12-06 20:30:24.688,100.37,3,100.37,1,100.37,3
2017-12-06 20:32:03.595,100.34,3,100.34,3,100.34,1
2017-12-06 20:33:38.547,100.35,1,100.35,2,100.35,2
2017-12-06 20:34:35.404,100.35,1,100.35,3,100.35,1
2017-12-06 20:34:36.968,100.35,2,100.35,2,100.35,3
2017-12-06 20:36:07.771,100.34,1,100.34,2,100.34,3
2017-12-06 20:37:20.498,100.33,2,100.33,2,100.33,1
2017-12-06 20:37:41.147,100.33,1,100.33,1,100.33,2
2017-12-06 20:39:30.377,100.32,1,100.32,1,100.32,1
2017-12-06 20:40:54.439,100.32,3,100.32,2,100.32,1
2017-12-06 20:42:29.645,100.32,1,100.32,1,100.32,2
2017-12-06 20:42:53.556,100.33,2,100.33,3,100.33,1
2017-12-06 20:44:02.595,100.34,3,100.34,3,100.34,3
2017-12-06 20:46:03.064,100.33,1,100.33,1,100.33,1
2017-12-06 20:49:04.988,100.32,1,100.32,3,100.32,3
2017-12-06 20:50:19.031,100.34,1,100.34,2,100.34,2
2017-12-06 20:50:23.878,100.34,1,100.34,1,100.34,1
2017-12-06 20:50:53.673,100.35,1,100.35,2,100.35,3
2017-12-06 20:50:56.701,100.34,2,100.34,2,100.34,3
2017-12-06 20:51:32.098,100.35,3,100.35,2,100.35,1
2017-12-06 20:53:20.857,100.37,1,100.37,1,100.37,2
2017-12-06 20:53:24.775,100.37,1,100.37,2,100.37,2
2017-12-06 20:56:04.234,100.37,3,100.37,1,100.37,3
2017-12-06 20:56:47.073,100.38,1,100.38,2,100.38,2
2017-12-06 20:56:59.378,100.38,1,100.38,3,100.38,3
2017-12-06 20:57:13.563,100.38,2,100.38,2,100.38,2
2017-12-06 20:57:43.255,100.39,3,100.39,1,100.39,2
2017-12-06 20:58:21.353,100.39,2,100.39,2,100.39,2
2017-12-06 21:03:10.371,100.37,1,100.37,2,100.37,1
2017-12-06 21:04:33.901,100.40,2,100.40,1,100.40,1
2017-12-06 21:04:57.725,100.39,2,100.39,2,100.39,2
2017-12-06 21:05:02.415,100.39,3,100.39,3,100.39,3
2017-12-06 21:06:22.740,100.39,1,100.39,3,100.39,1
2017-12-06 21:11:00.713,100.41,1,100.41,3,100.41,1
2017-12-06 21:12:43.684,100.41,2,100.41,1,100.41,2
2017-12-06 21:12:51.277,100.41,3,100.41,2,100.41,2
2017-12-06 21:13:12.206,100.41,2,100.41,3,100.41,1
2017-12-06 21:13:26.234,100.41,2,100.41,2,100.41,2
2017-12-06 21:15:49.808,100.44,3,100.44,2,100.44,1
2017-12-06 21:18:16.442,100.45,3,100.45,3,100.45,2
2017-12-06 21:21:40.340,100.46,1,100.46,1,100.46,1
2017-12-06 21:25:28.695,100.47,1,100.47,3,100.47,2
2017-12-06 21:25:33.696,100.47,3,100.47,2,100.47,3
2017-12-06 21:28:43.657,100.50,1,100.50,3,100.50,2
2017-12-06 21:29:01.267,100.50,1,100.50,3,100.50,3
2017-12-06 21:36:37.568,100.52,1,100.52,3,100.52,3
2017-12-06 21:38:28.170,100.54,2,100.54,3,100.54,1
2017-12-06 21:38:45.491,100.53,3,100.53,2,100.53,1
2017-12-06 21:39:26.186,100.53,3,100.53,2,100.53,2
2017-12-06 21:40:15.892,100.54,3,100.54,2,100.54,2
2017-12-06 21:40:36.122,100.55,3,100.55,1,100.55,1
2017-12-06 21:42:47.433,100.53,1,100.53,2,100.53,2
2017-12-06 21:43:55.882,100.52,3,100.52,1,100.52,2
2017-12-06 21:44:03.943,100.52,1,100.52,1,100.52,1
2017-12-06 21:45:07.222,100.52,3,100.52,2,100.52,3
2017-12-06 21:47:09.043,100.53,2,100.53,3,100.53,3
2017-12-06 21:47:56.135,100.54,2,100.54,1,100.54,3
2017-12-06 21:49:30.344,100.55,3,100.55,3,100.55,3
2017-12-06 21:50:36.045,100.55,3,100.55,1,100.55,1
2017-12-06 21:50:44.009,100.56,1,100.56,3,100.56,3
2017-12-06 21:52:08.351,100.58,3,100.58,1,100.58,1
2017-12-06 21:52:23.671,100.57,1,100.57,2,100.57,3
2017-12-06 21:53:18.890,100.56,1,100.56,1,100.56,3
2017-12-06 21:54:07.852,100.55,1,100.55,3,100.55,3
2017-12-06 21:54:48.408,100.54,1,100.54,3,100.54,3
2017-12-06 21:55:17.685,100.53,3,100.53,3,100.53,3
2017-12-06 21:57:19.443,100.52,3,100.52,1,100.52,1
2017-12-06 21:59:15.101,100.55,2,100.55,3,100.55,3
2017-12-06 22:00:16.135,100.54,1,100.54,3,100.54,3
2017-12-06 22:01:42.733,100.54,1,100.54,3,100.54,3
2017-12-06 22:02:11.878,100.54,2,100.54,1,100.54,2
2017-12-06 22:05:54.760,100.54,3,100.54,3,100.54,2
2017-12-06 22:07:20.088,100.54,2,100.54,3,100.54,1
2017-12-06 22:09:09.255,100.53,1,100.53,2,100.53,3
2017-12-06 22:09:10.669,100.54,2,100.54,1,100.54,2
2017-12-06 22:10:16.256,100.54,3,100.54,2,100.54,1
2017-12-06 22:13:37.732,100.52,3,100.52,1,100.52,2
2017-12-06 22:16:59.359,100.55,2,100.55,1,100.55,3
2017-12-06 22:17:23.654,100.55,2,100.55,3,100.55,2
2017-12-06 22:18:08.991,100.55,1,100.55,3,100.55,3
2017-12-06 22:19:43.727,100.56,1,100.56,2,100.56,2
2017-12-06 22:21:08.761,100.60,3,100.60,2,100.60,3
2017-12-06 22:22:02.789,100.60,1,100.60,3,100.60,2
2017-12-06 22:25:25.960,100.58,1,100.58,2,100.58,2
2017-12-06 22:28:50.867,100.60,1,100.60,2,100.60,2
2017-12-06 22:29:56.513,100.60,2,100.60,2,100.60,1
2017-12-06 22:30:51.498,100.60,1,100.60,3,100.60,3
2017-12-06 22:31:45.881,100.61,3,100.61,2,100.61,1
2017-12-06 22:31:53.562,100.60,2,100.60,1,100.60,1
2017-12-06 22:32:18.320,100.61,2,100.61,2,100.61,2
2017-12-06 22:32:29.393,100.61,3,100.61,2,100.61,1
2017-12-06 22:32:54.352,100.59,1,100.59,3,100.59,3
2017-12-06 22:34:06.144,100.59,3,100.59,1,100.59,3
2017-12-06 22:38:23.076,100.58,2,100.58,3,100.58,2
2017-12-06 22:39:13.030,100.58,2,100.58,2,100.58,1
2017-12-06 22:41:28.172,100.59,1,100.59,1,100.59,2
2017-12-06 22:41:33.649,100.59,2,100.59,1,100.59,2
2017-12-06 22:41:51.892,100.59,3,100.59,2,100.59,2
2017-12-06 22:43:10.309,100.58,2,100.58,3,100.58,1
2017-12-06 22:46:03.358,100.60,2,100.60,2,100.60,3
2017-12-06 22:47:59.573,100.59,2,100.59,2,100.59,2
2017-12-06 22:48:23.122,100.58,2,100.58,1,100.58,1
2017-12-06 22:48:55.674,100.59,3,100.59,1,100.59,3
2017-12-06 22:51:59.171,100.60,1,100.60,2,100.60,2
2017-12-06 22:52:14.917,100.60,2,100.60,1,100.60,3
2017-12-06 22:54:41.251,100.60,3,100.60,1,100.60,2
2017-12-06 22:57:02.722,100.62,2,100.62,3,100.62,3
2017-12-06 22:58:29.760,100.62,2,100.62,1,100.62,3
2017-12-06 23:00:22.351,100.61,1,100.61,3,100.61,2
2017-12-06 23:01:11.179,100.61,2,100.61,1,100.61,1
2017-12-06 23:03:42.472,100.58,3,100.58,3,100.58,1
2017-12-06 23:05:06.759,100.61,1,100.61,2,100.61,2
2017-12-06 23:05:39.388,100.61,3,100.61,2,100.61,3
2017-12-06 23:05:47.118,100.61,2,100.61,1,100.61,2
2017-12-06 23:06:12.239,100.62,2,100.62,3,100.62,3
2017-12-06 23:06:37.466,100.61,3,100.61,3,100.61,1
2017-12-06 23:12:41.998,100.58,3,100.58,3,100.58,1
2017-12-06 23:13:25.176,100.58,2,100.58,1,100.58,1
2017-12-06 23:15:17.519,100.57,1,100.57,2,100.57,3
2017-12-06 23:16:40.777,100.55,3,100.55,1,100.55,2
2017-12-06 23:16:53.083,100.55,2,100.55,3,100.55,1
2017-12-06 23:16:57.413,100.56,1,100.56,1,100.56,1
2017-12-06 23:20:32.320,100.55,2,100.55,1,100.55,2
2017-12-06 23:20:39.022,100.55,1,100.55,1,100.55,3
2017-12-06 23:20:51.219,100.55,1,100.55,2,100.55,3
2017-12-06 23:22:17.161,100.56,1,100.56,3,100.56,1
2017-12-06 23:23:00.640,100.58,2,100.58,1,100.58,1
2017-12-06 23:25:02.369,100.58,1,100.58,2,100.58,2
2017-12-06 23:26:36.171,100.59,2,100.59,3,100.59,3
2017-12-06 23:26:43.318,100.58,2,100.58,2,100.58,1
2017-12-06 23:26:52.464,100.58,3,100.58,3,100.58,1
2017-12-06 23:32:00.896,100.60,1,100.60,2,100.60,3
2017-12-06 23:32:38.597,100.60,3,100.60,2,100.60,3
2017-12-06 23:33:31.548,100.59,3,100.59,1,100.59,2
2017-12-06 23:34:37.555,100.59,1,100.59,3,100.59,1
2017-12-06 23:38:42.374,100.59,3,100.59,3,100.59,3
2017-12-06 23:45:02.169,100.56,3,100.56,3,100.56,2
2017-12-06 23:46:55.016,100.54,3,100.54,1,100.54,2
2017-12-06 23:48:03.959,100.54,1,100.54,2,100.54,2
2017-12-06 23:48:22.545,100.54,2,100.54,1,100.54,1
2017-12-06 23:52:34.388,100.52,3,100.52,3,100.52,3
2017-12-06 23:54:40.125,100.52,1,100.52,1,100.52,2
2017-12-06 23:56:03.372,100.53,3,100.53,2,100.53,1
2017-12-06 23:56:30.691,100.53,1,100.53,2,100.53,2
2017-12-06 23:58:14.948,100.53,1,100.53,1,100.53,1
2017-12-06 23:58:38.018,100.53,2,100.53,3,100.53,3
2017-12-06 23:59:23.541,100.53,2,100.53,2,100.53,1
2017-12-06 23:59:23.872,100.53,3,100.53,2,100.53,2
