2017-12-08 00:00:10.781,99.99,2,99.99,2,99.99,1
2017-12-08 00:01:10.200,100.01,3,100.01,1,100.01,1
2017-12-08 00:03:05.099,100.00,1,100.00,1,100.00,1
2017-12-08 00:03:47.440,100.01,1,100.01,3,100.01,2
2017-12-08 00:05:24.178,100.00,2,100.00,3,100.00,3
2017-12-08 00:07:10.526,99.98,1,99.98,1,99.98,3
2017-12-08 00:08:42.163,99.97,1,99.97,1,99.97,3
2017-12-08 00:09:28.729,99.98,2,99.98,3,99.98,1
2017-12-08 00:09:46.539,99.98,1,99.98,2,99.98,1
2017-12-08 00:14:24.766,100.01,2,100.01,3,100.01,1
2017-12-08 00:15:08.909,100.02,2,100.02,1,100.02,2
2017-12-08 00:16:05.156,100.02,2,100.02,1,100.02,1
2017-12-08 00:17:28.053,100.02,2,100.02,3,100.02,2
2017-12-08 00:18:20.908,100.03,1,100.03,1,100.03,2
2017-12-08 00:18:54.289,100.03,3,100.03,3,100.03,1
2017-12-08 00:21:42.750,100.00,1,100.00,1,100.00,3
2017-12-08 00:22:41.345,99.99,1,99.99,1,99.99,2
2017-12-08 00:22:52.812,99.99,3,99.99,2,99.99,2
2017-12-08 00:23:37.580,100.00,2,100.00,1,100.00,3
2017-12-08 00:23:41.323,100.00,2,100.00,3,100.00,1
2017-12-08 00:26:34.986,99.97,1,99.97,2,99.97,3
2017-12-08 00:34:04.066,99.98,3,99.98,1,99.98,1
2017-12-08 00:34:34.076,99.97,2,99.97,1,99.97,2
2017-12-08 00:35:34.926,99.96,1,99.96,1,99.96,2
2017-12-08 00:36:00.612,99.96,3,99.96,1,99.96,1
2017-12-08 00:36:54.072,99.96,2,99.96,3,99.96,3
2017-12-08 00:37:45.649,99.95,1,99.95,1,99.95,2
2017-12-08 00:37:58.963,99.96,2,99.96,1,99.96,2
2017-12-08 00:40:07.782,99.98,2,99.98,2,99.98,3
2017-12-08 00:40:32.222,99.98,3,99.98,2,99.98,2
2017-12-08 00:40:38.643,99.98,3,99.98,2,99.98,1
2017-12-08 00:40:39.636,99.98,2,99.98,1,99.98,1
2017-12-08 00:41:33.601,99.99,3,99.99,3,99.99,1
2017-12-08 00:44:43.529,99.96,3,99.96,3,99.96,2
2017-12-08 00:46:50.831,99.96,1,99.96,3,99.96,1
2017-12-08 00:47:53.275,99.97,1,99.97,2,99.97,1
2017-12-08 00:49:58.549,99.98,3,99.98,3,99.98,3
2017-12-08 00:51:28.705,99.98,1,99.98,1,99.98,2
2017-12-08 00:54:13.803,99.97,3,99.97,2,99.97,2
2017-12-08 00:54:21.387,99.97,1,99.97,3,99.97,1
2017-12-08 00:56:15.077,99.99,3,99.99,2,99.99,2
2017-12-08 00:57:23.246,99.99,1,99.99,3,99.99,1
2017-12-08 00:59:53.789,99.98,1,99.98,3,99.98,1
2017-12-08 01:01:05.804,99.98,1,99.98,1,99.98,2
2017-12-08 01:01:37.173,99.98,2,99.98,3,99.98,2
2017-12-08 01:02:30.864,99.97,3,99.97,3,99.97,3
2017-12-08 01:06:07.577,99.99,2,99.99,1,99.99,2
2017-12-08 01:06:14.859,99.99,2,99.99,1,99.99,1
2017-12-08 01:06:48.335,99.98,1,99.98,1,99.98,1
2017-12-08 01:08:12.869,99.98,3,99.98,2,99.98,1
2017-12-08 01:08:43.936,99.98,3,99.98,2,99.98,3
2017-12-08 01:09:43.706,99.97,2,99.97,1,99.97,3
2017-12-08 01:10:18.193,99.96,1,99.96,3,99.96,3
2017-12-08 01:11:55.912,99.96,1,99.96,1,99.96,1
2017-12-08 01:12:12.744,99.96,1,99.96,1,99.96,3
2017-12-08 01:12:58.385,99.96,3,99.96,1,99.96,3
2017-12-08 01:13:30.736,99.95,2,99.95,2,99.95,1
2017-12-08 01:15:47.308,99.95,2,99.95,2,99.95,2
2017-12-08 01:15:47.888,99.95,2,99.95,2,99.95,1
2017-12-08 01:16:01.558,99.95,1,99.95,1,99.95,3
2017-12-08 01:16:33.792,99.96,2,99.96,1,99.96,1
2017-12-08 01:16:53.106,99.95,2,99.95,1,99.95,3
2017-12-08 01:17:04.045,99.95,2,99.95,1,99.95,2
2017-12-08 01:18:04.408,99.94,3,99.94,2,99.94,3
2017-12-08 01:18:56.825,99.95,2,99.95,3,99.95,3
2017-12-08 01:27:25.570,99.95,2,99.95,3,99.95,3
2017-12-08 01:31:21.113,99.94,2,99.94,1,99.94,2
2017-12-08 01:31:23.200,99.94,3,99.94,1,99.94,2
2017-12-08 01:31:37.793,99.93,2,99.93,2,99.93,3
2017-12-08 01:32:06.389,99.93,2,99.93,1,99.93,2
2017-12-08 01:34:42.921,99.93,3,99.93,3,99.93,1
2017-12-08 01:38:34.037,99.93,2,99.93,1,99.93,1
2017-12-08 01:39:27.513,99.93,2,99.93,2,99.93,1
2017-12-08 01:42:20.037,99.95,3,99.95,1,99.95,1
2017-12-08 01:45:35.222,99.91,3,99.91,2,99.91,2
2017-12-08 01:47:42.266,99.89,2,99.89,2,99.89,3
2017-12-08 01:47:53.709,99.89,1,99.89,1,99.89,2
2017-12-08 01:48:57.900,99.89,2,99.89,2,99.89,1
2017-12-08 01:49:17.287,99.89,1,99.89,2,99.89,1
2017-12-08 01:50:06.103,99.89,3,99.89,1,99.89,2
2017-12-08 01:53:57.604,99.88,1,99.88,2,99.88,1
2017-12-08 01:54:39.461,99.88,3,99.88,1,99.88,2
2017-12-08 01:55:06.053,99.88,1,99.88,1,99.88,3
2017-12-08 01:55:35.291,99.89,1,99.89,2,99.89,3
2017-12-08 01:57:17.266,99.89,2,99.89,1,99.89,2
2017-12-08 01:59:00.445,99.89,3,99.89,3,99.89,1
2017-12-08 02:00:33.678,99.92,1,99.92,2,99.92,2
2017-12-08 02:02:14.654,99.91,2,99.91,1,99.91,3
2017-12-08 02:02:27.933,99.91,1,99.91,1,99.91,2
2017-12-08 02:08:51.434,99.89,1,99.89,1,99.89,1
2017-12-08 02:09:13.940,99.88,1,99.88,2,99.88,3
2017-12-08 02:09:57.665,99.87,2,99.87,1,99.87,1
2017-12-08 02:11:27.142,99.87,1,99.87,3,99.87,1
2017-12-08 02:15:05.336,99.88,2,99.88,3,99.88,2
2017-12-08 02:16:53.110,99.87,1,99.87,3,99.87,2
2017-12-08 02:17:35.411,99.87,2,99.87,1,99.87,2
2017-12-08 02:22:55.584,99.85,3,99.85,2,99.85,3
2017-12-08 02:23:15.433,99.85,2,99.85,3,99.85,1
2017-12-08 02:23:53.370,99.86,1,99.86,2,99.86,1
2017-12-08 02:26:38.015,99.90,1,99.90,3,99.90,2
2017-12-08 02:28:50.477,99.87,3,99.87,1,99.87,1
2017-12-08 02:37:30.379,99.87,2,99.87,2,99.87,3
2017-12-08 02:37:48.541,99.87,1,99.87,1,99.87,3
2017-12-08 02:39:51.342,99.86,2,99.86,3,99.86,2
2017-12-08 02:43:40.105,99.85,1,99.85,2,99.85,3
2017-12-08 02:44:04.962,99.86,3,99.86,1,99.86,3
2017-12-08 02:47:48.280,99.88,1,99.88,2,99.88,3
2017-12-08 02:50:46.035,99.93,1,99.93,3,99.93,3
2017-12-08 02:52:01.027,99.95,1,99.95,2,99.95,3
2017-12-08 02:52:47.969,99.96,2,99.96,3,99.96,1
2017-12-08 02:53:03.503,99.97,3,99.97,2,99.97,2
2017-12-08 02:53:56.672,99.96,2,99.96,1,99.96,3
2017-12-08 02:54:21.531,99.96,3,99.96,1,99.96,3
2017-12-08 02:54:52.395,99.96,3,99.96,1,99.96,3
2017-12-08 02:54:53.763,99.96,1,99.96,1,99.96,1
2017-12-08 02:56:09.751,99.96,2,99.96,1,99.96,1
2017-12-08 02:57:40.152,99.97,1,99.97,1,99.97,2
2017-12-08 02:58:41.017,99.97,1,99.97,3,99.97,3
2017-12-08 03:01:23.568,99.97,3,99.97,2,99.97,1
2017-12-08 03:01:41.776,99.98,2,99.98,2,99.98,3
2017-12-08 03:02:26.080,99.98,2,99.98,1,99.98,3
2017-12-08 03:02:37.592,99.99,3,99.99,2,99.99,3
2017-12-08 03:03:42.885,99.98,1,99.98,1,99.98,2
2017-12-08 03:06:59.693,99.99,3,99.99,1,99.99,1
2017-12-08 03:11:28.626,99.98,1,99.98,1,99.98,3
2017-12-08 03:12:47.459,99.98,2,99.98,2,99.98,1
2017-12-08 03:14:06.968,99.96,2,99.96,1,99.96,3
2017-12-08 03:16:15.963,99.96,3,99.96,1,99.96,1
2017-12-08 03:19:56.387,99.95,3,99.95,2,99.95,1
2017-12-08 03:20:14.155,99.95,2,99.95,1,99.95,2
2017-12-08 03:23:04.744,99.95,2,99.95,3,99.95,2
2017-12-08 03:25:50.206,99.97,2,99.97,2,99.97,3
2017-12-08 03:27:51.214,99.96,1,99.96,2,99.96,3
2017-12-08 03:29:47.844,99.97,3,99.97,3,99.97,3
2017-12-08 03:30:04.096,99.97,1,99.97,1,99.97,1
2017-12-08 03:31:08.213,99.99,2,99.99,1,99.99,3
2017-12-08 03:32:03.046,100.00,3,100.00,1,100.00,1
2017-12-08 03:33:10.692,99.99,1,99.99,1,99.99,2
2017-12-08 03:34:14.578,100.01,2,100.01,3,100.01,1
2017-12-08 03:36:39.613,100.03,3,100.03,3,100.03,1
2017-12-08 03:39:14.916,100.03,3,100.03,2,100.03,3
2017-12-08 03:42:58.493,100.05,3,100.05,1,100.05,2
2017-12-08 03:43:37.412,100.05,1,100.05,2,100.05,2
2017-12-08 03:45:08.090,100.04,3,100.04,3,100.04,1
2017-12-08 03:46:28.228,100.02,1,100.02,1,100.02,3
2017-12-08 03:47:01.506,100.01,1,100.01,2,100.01,1
2017-12-08 03:47:02.615,100.02,2,100.02,2,100.02,2
2017-12-08 03:49:40.781,99.99,1,99.99,2,99.99,1
2017-12-08 03:49:53.061,100.00,1,100.00,3,100.00,3
2017-12-08 03:51:05.837,99.98,1,99.98,2,99.98,3
2017-12-08 03:51:16.749,99.98,3,99.98,2,99.98,1
2017-12-08 03:51:44.322,99.97,1,99.97,2,99.97,1
2017-12-08 03:56:26.820,99.97,3,99.97,2,99.97,3
2017-12-08 03:58:29.373,99.96,2,99.96,3,99.96,3
2017-12-08 04:00:00.552,99.96,3,99.96,3,99.96,2
2017-12-08 04:02:30.981,99.97,1,99.97,1,99.97,3
2017-12-08 04:03:20.931,99.98,2,99.98,2,99.98,2
2017-12-08 04:05:34.866,99.97,3,99.97,3,99.97,3
2017-12-08 04:08:35.228,100.00,3,100.00,1,100.00,2
2017-12-08 04:08:55.133,99.99,2,99.99,3,99.99,2
2017-12-08 04:12:23.225,99.97,1,99.97,2,99.97,3
2017-12-08 04:13:21.879,99.99,3,99.99,2,99.99,3
2017-12-08 04:13:55.354,100.00,1,100.00,3,100.00,2
2017-12-08 04:15:21.392,100.01,2,100.01,1,100.01,3
2017-12-08 04:16:13.194,100.00,1,100.00,3,100.00,2
2017-12-08 04:21:31.376,100.03,1,100.03,3,100.03,2
2017-12-08 04:23:28.682,100.02,3,100.02,1,100.02,2
2017-12-08 04:29:20.786,100.03,2,100.03,1,100.03,1
2017-12-08 04:30:27.106,100.03,3,100.03,1,100.03,2
2017-12-08 04:33:20.608,100.06,2,100.06,1,100.06,1
2017-12-08 04:33:36.687,100.07,2,100.07,3,100.07,3
2017-12-08 04:35:03.434,100.05,2,100.05,1,100.05,3
2017-12-08 04:35:28.611,100.04,1,100.04,3,100.04,3
2017-12-08 04:36:02.627,100.03,1,100.03,1,100.03,1
2017-12-08 04:36:20.800,100.02,2,100.02,1,100.02,2
2017-12-08 04:39:06.076,100.02,3,100.02,3,100.02,2
2017-12-08 04:39:09.600,100.02,1,100.02,2,100.02,3
2017-12-08 04:40:03.340,100.03,3,100.03,1,100.03,1
2017-12-08 04:41:11.020,100.03,2,100.03,2,100.03,2
2017-12-08 04:45:04.190,100.05,2,100.05,1,100.05,1
2017-12-08 04:46:03.185,100.03,3,100.03,2,100.03,1
2017-12-08 04:47:42.980,100.02,3,100.02,2,100.02,2
2017-12-08 04:48:21.341,100.02,1,100.02,2,100.02,1
2017-12-08 04:49:56.747,100.01,2,100.01,2,100.01,2
2017-12-08 04:50:05.490,100.01,1,100.01,1,100.01,1
2017-12-08 04:53:21.161,100.03,2,100.03,1,100.03,2
2017-12-08 04:53:49.259,100.03,1,100.03,2,100.03,2
2017-12-08 04:54:42.694,100.04,2,100.04,1,100.04,2
2017-12-08 04:56:24.710,100.06,1,100.06,1,100.06,3
2017-12-08 05:00:28.311,100.04,1,100.04,3,100.04,2
2017-12-08 05:00:49.018,100.03,3,100.03,3,100.03,2
2017-12-08 05:02:59.871,100.04,3,100.04,1,100.04,2
2017-12-08 05:06:31.093,100.06,3,100.06,3,100.06,1
2017-12-08 05:07:35.943,100.07,3,100.07,1,100.07,1
2017-12-08 05:07:48.247,100.06,2,100.06,1,100.06,3
2017-12-08 05:08:12.526,100.06,2,100.06,3,100.06,1
2017-12-08 05:09:52.044,100.06,3,100.06,2,100.06,1
2017-12-08 05:11:13.604,100.06,2,100.06,1,100.06,1
2017-12-08 05:13:14.607,100.06,3,100.06,3,100.06,3
2017-12-08 05:13:57.451,100.06,3,100.06,1,100.06,1
2017-12-08 05:24:33.064,100.05,3,100.05,2,100.05,1
2017-12-08 05:26:21.927,100.05,3,100.05,2,100.05,2
2017-12-08 05:28:05.555,100.07,1,100.07,3,100.07,2
2017-12-08 05:28:19.084,100.07,1,100.07,2,100.07,1
2017-12-08 05:28:51.985,100.06,1,100.06,2,100.06,1
2017-12-08 05:34:01.396,100.03,2,100.03,2,100.03,3
2017-12-08 05:40:29.979,100.04,3,100.04,1,100.04,2
2017-12-08 05:41:19.889,100.04,3,100.04,3,100.04,3
2017-12-08 05:44:54.873,100.05,3,100.05,3,100.05,1
2017-12-08 05:47:43.341,100.05,1,100.05,3,100.05,2
2017-12-08 05:52:13.738,100.02,1,100.02,1,100.02,3
2017-12-08 05:56:06.898,100.02,2,100.02,1,100.02,2
2017-12-08 05:56:28.957,100.01,2,100.01,2,100.01,1
2017-12-08 05:56:57.532,100.01,1,100.01,1,100.01,2
2017-12-08 05:57:29.025,100.01,1,100.01,2,100.01,1
2017-12-08 05:57:46.581,100.01,3,100.01,1,100.01,3
2017-12-08 05:58:45.942,100.04,1,100.04,3,100.04,3
2017-12-08 05:59:19.391,100.04,3,100.04,2,100.04,1
2017-12-08 05:59:24.586,100.03,1,100.03,1,100.03,3
2017-12-08 06:00:38.783,100.05,2,100.05,2,100.05,2
2017-12-08 06:02:38.547,100.06,2,100.06,1,100.06,3
2017-12-08 06:05:24.408,100.06,3,100.06,1,100.06,1
2017-12-08 06:06:57.922,100.05,1,100.05,1,100.05,1
2017-12-08 06:08:04.634,100.04,1,100.04,1,100.04,1
2017-12-08 06:09:25.133,100.04,2,100.04,3,100.04,3
2017-12-08 06:10:51.317,100.04,2,100.04,3,100.04,3
2017-12-08 06:11:34.138,100.03,3,100.03,1,100.03,3
2017-12-08 06:13:29.677,100.05,2,100.05,3,100.05,1
2017-12-08 06:13:35.443,100.05,3,100.05,3,100.05,1
2017-12-08 06:14:22.915,100.05,3,100.05,1,100.05,3
2017-12-08 06:16:22.679,100.03,2,100.03,1,100.03,1
2017-12-08 06:17:35.570,100.03,2,100.03,3,100.03,1
2017-12-08 06:20:39.832,100.00,2,100.00,3,100.00,3
2017-12-08 06:24:34.879,100.01,3,100.01,1,100.01,3
2017-12-08 06:25:19.520,100.01,2,100.01,3,100.01,2
2017-12-08 06:26:31.811,100.01,2,100.01,3,100.01,1
2017-12-08 06:27:05.211,100.02,2,100.02,2,100.02,1
2017-12-08 06:27:09.093,100.01,2,100.01,2,100.01,2
2017-12-08 06:27:35.399,100.00,3,100.00,1,100.00,3
2017-12-08 06:28:07.651,100.01,2,100.01,2,100.01,1
2017-12-08 06:29:13.102,100.02,2,100.02,1,100.02,3
2017-12-08 06:29:21.089,100.02,3,100.02,2,100.02,2
2017-12-08 06:30:08.438,100.03,1,100.03,3,100.03,2
2017-12-08 06:30:47.489,100.03,1,100.03,1,100.03,3
2017-12-08 06:31:24.336,100.03,2,100.03,1,100.03,2
2017-12-08 06:35:24.295,100.04,1,100.04,3,100.04,2
2017-12-08 06:35:47.409,100.04,1,100.04,3,100.04,1
2017-12-08 06:38:37.678,100.02,2,100.02,3,100.02,3
2017-12-08 06:44:34.643,100.04,3,100.04,1,100.04,2
2017-12-08 06:45:10.362,100.03,1,100.03,1,100.03,2
2017-12-08 06:47:43.144,100.02,1,100.02,3,100.02,3
2017-12-08 06:50:47.970,100.03,3,100.03,3,100.03,1
2017-12-08 06:51:18.233,100.02,3,100.02,3,100.02,3
2017-12-08 06:52:15.334,100.04,2,100.04,3,100.04,1
2017-12-08 06:52:42.728,100.03,2,100.03,3,100.03,1
2017-12-08 06:52:55.061,100.03,3,100.03,2,100.03,3
2017-12-08 06:53:12.028,100.04,3,100.04,1,100.04,2
2017-12-08 06:55:18.118,100.06,1,100.06,2,100.06,3
2017-12-08 06:55:25.400,100.06,2,100.06,2,100.06,2
2017-12-08 06:56:06.739,100.07,3,100.07,1,100.07,2
2017-12-08 06:56:37.651,100.06,3,100.06,3,100.06,3
2017-12-08 06:57:59.753,100.08,2,100.08,2,100.08,3
2017-12-08 06:58:14.519,100.09,1,100.09,1,100.09,1
2017-12-08 06:59:27.387,100.10,2,100.10,3,100.10,2
2017-12-08 07:02:45.522,100.10,2,100.10,2,100.10,3
2017-12-08 07:06:59.295,100.14,1,100.14,2,100.14,3
2017-12-08 07:08:42.601,100.13,3,100.13,1,100.13,3
2017-12-08 07:09:07.800,100.13,3,100.13,1,100.13,3
2017-12-08 07:10:27.717,100.12,1,100.12,3,100.12,3
2017-12-08 07:11:10.018,100.13,2,100.13,1,100.13,2
2017-12-08 07:11:33.080,100.12,1,100.12,2,100.12,3
2017-12-08 07:11:38.932,100.12,3,100.12,1,100.12,1
2017-12-08 07:14:03.361,100.16,1,100.16,1,100.16,1
2017-12-08 07:16:48.055,100.20,1,100.20,3,100.20,1
2017-12-08 07:21:26.122,100.20,3,100.20,2,100.20,3
2017-12-08 07:21:28.984,100.20,1,100.20,2,100.20,2
2017-12-08 07:24:29.299,100.21,1,100.21,1,100.21,1
2017-12-08 07:28:57.094,100.20,1,100.20,3,100.20,3
2017-12-08 07:29:29.954,100.21,1,100.21,1,100.21,2
2017-12-08 07:31:32.363,100.22,1,100.22,3,100.22,1
2017-12-08 07:38:42.446,100.24,2,100.24,2,100.24,2
2017-12-08 07:39:21.527,100.25,3,100.25,3,100.25,3
2017-12-08 07:40:11.465,100.27,1,100.27,3,100.27,3
2017-12-08 07:44:48.589,100.30,1,100.30,3,100.30,3
2017-12-08 07:45:45.898,100.28,3,100.28,2,100.28,1
2017-12-08 07:47:09.231,100.28,2,100.28,2,100.28,2
2017-12-08 07:47:32.071,100.29,1,100.29,1,100.29,3
2017-12-08 07:48:30.482,100.28,2,100.28,2,100.28,2
2017-12-08 07:50:45.522,100.29,2,100.29,2,100.29,2
2017-12-08 07:52:05.327,100.30,3,100.30,1,100.30,1
2017-12-08 07:52:58.642,100.30,3,100.30,1,100.30,1
2017-12-08 07:54:38.370,100.29,3,100.29,2,100.29,2
2017-12-08 07:56:11.524,100.29,1,100.29,1,100.29,3
2017-12-08 07:56:25.500,100.29,2,100.29,1,100.29,3
2017-12-08 07:57:13.878,100.30,1,100.30,1,100.30,3
2017-12-08 07:58:01.330,100.29,2,100.29,3,100.29,2
2017-12-08 07:58:04.066,100.28,3,100.28,2,100.28,2
2017-12-08 07:58:07.064,100.28,3,100.28,3,100.28,2
2017-12-08 07:58:56.048,100.27,2,100.27,3,100.27,1
2017-12-08 07:59:29.800,100.26,1,100.26,1,100.26,2
2017-12-08 07:59:37.841,100.26,1,100.26,3,100.26,1
2017-12-08 07:59:48.907,100.26,2,100.26,1,100.26,3
2017-12-08 07:59:57.773,100.25,3,100.25,2,100.25,3
2017-12-08 08:00:17.990,100.24,2,100.24,3,100.24,2
2017-12-08 08:00:46.463,100.24,2,100.24,2,100.24,1
2017-12-08 08:01:48.287,100.26,3,100.26,2,100.26,1
2017-12-08 08:01:53.848,100.26,3,100.26,2,100.26,3
2017-12-08 08:02:13.160,100.26,2,100.26,3,100.26,2
2017-12-08 08:02:14.762,100.26,1,100.26,3,100.26,2
2017-12-08 08:03:33.044,100.25,3,100.25,1,100.25,2
2017-12-08 08:06:48.957,100.26,2,100.26,1,100.26,2
2017-12-08 08:06:49.706,100.26,1,100.26,2,100.26,3
2017-12-08 08:13:24.979,100.23,1,100.23,1,100.23,1
2017-12-08 08:14:12.552,100.24,1,100.24,2,100.24,1
2017-12-08 08:15:17.881,100.22,2,100.22,2,100.22,2
2017-12-08 08:18:17.083,100.24,3,100.24,2,100.24,3
2017-12-08 08:21:10.009,100.25,1,100.25,3,100.25,1
2017-12-08 08:22:38.509,100.23,3,100.23,2,100.23,3
2017-12-08 08:25:43.589,100.21,2,100.21,1,100.21,2
2017-12-08 08:27:07.780,100.20,1,100.20,2,100.20,1
2017-12-08 08:27:13.646,100.20,2,100.20,2,100.20,3
2017-12-08 08:28:45.355,100.19,1,100.19,2,100.19,2
2017-12-08 08:30:34.280,100.18,3,100.18,3,100.18,3
2017-12-08 08:30:57.654,100.17,2,100.17,2,100.17,2
2017-12-08 08:32:29.015,100.19,3,100.19,3,100.19,2
2017-12-08 08:32:44.664,100.19,1,100.19,2,100.19,1
2017-12-08 08:34:42.691,100.18,1,100.18,1,100.18,2
2017-12-08 08:37:04.330,100.15,3,100.15,3,100.15,1
2017-12-08 08:38:22.458,100.15,3,100.15,1,100.15,3
2017-12-08 08:38:49.470,100.16,3,100.16,2,100.16,3
2017-12-08 08:38:57.700,100.16,2,100.16,3,100.16,2
2017-12-08 08:39:57.710,100.17,3,100.17,3,100.17,2
2017-12-08 08:43:30.983,100.18,2,100.18,3,100.18,1
2017-12-08 08:43:31.293,100.18,3,100.18,3,100.18,2
2017-12-08 08:47:03.190,100.16,1,100.16,1,100.16,2
2017-12-08 08:47:35.769,100.16,1,100.16,2,100.16,2
2017-12-08 08:47:55.545,100.15,1,100.15,3,100.15,1
2017-12-08 08:49:17.274,100.13,1,100.13,2,100.13,1
2017-12-08 08:51:58.737,100.12,1,100.12,2,100.12,1
2017-12-08 08:53:02.847,100.12,3,100.12,1,100.12,3
2017-12-08 08:53:14.389,100.12,3,100.12,2,100.12,1
2017-12-08 08:54:12.754,100.12,2,100.12,3,100.12,2
2017-12-08 08:56:10.737,100.13,2,100.13,2,100.13,1
2017-12-08 08:56:53.292,100.13,3,100.13,2,100.13,2
2017-12-08 08:57:06.457,100.13,2,100.13,1,100.13,2
2017-12-08 09:00:36.497,100.11,3,100.11,3,100.11,2
2017-12-08 09:00:38.633,100.11,2,100.11,3,100.11,3
2017-12-08 09:03:58.819,100.10,3,100.10,1,100.10,1
2017-12-08 09:06:33.388,100.12,2,100.12,1,100.12,2
2017-12-08 09:12:41.390,100.18,1,100.18,2,100.18,1
2017-12-08 09:14:01.403,100.16,2,100.16,2,100.16,2
2017-12-08 09:15:28.158,100.17,3,100.17,1,100.17,3
2017-12-08 09:21:18.603,100.18,3,100.18,2,100.18,3
2017-12-08 09:22:15.685,100.18,3,100.18,2,100.18,1
2017-12-08 09:22:37.071,100.18,3,100.18,3,100.18,1
2017-12-08 09:22:45.579,100.17,1,100.17,1,100.17,3
2017-12-08 09:22:50.762,100.18,1,100.18,3,100.18,2
2017-12-08 09:23:59.070,100.18,1,100.18,2,100.18,1
2017-12-08 09:24:07.718,100.18,2,100.18,1,100.18,1
2017-12-08 09:24:46.817,100.18,3,100.18,3,100.18,2
2017-12-08 09:24:57.416,100.18,3,100.18,2,100.18,1
2017-12-08 09:26:36.439,100.18,3,100.18,3,100.18,1
2017-12-08 09:32:49.826,100.17,1,100.17,2,100.17,3
2017-12-08 09:33:36.557,100.17,3,100.17,2,100.17,3
2017-12-08 09:35:14.020,100.16,1,100.16,1,100.16,1
2017-12-08 09:35:51.337,100.16,2,100.16,1,100.16,3
2017-12-08 09:38:39.743,100.12,2,100.12,2,100.12,3
2017-12-08 09:38:43.677,100.12,3,100.12,1,100.12,3
2017-12-08 09:39:15.355,100.13,3,100.13,1,100.13,2
2017-12-08 09:39:45.781,100.12,3,100.12,2,100.12,3
2017-12-08 09:41:56.777,100.12,3,100.12,1,100.12,2
2017-12-08 09:43:55.285,100.13,1,100.13,2,100.13,2
2017-12-08 09:45:13.990,100.12,2,100.12,3,100.12,1
2017-12-08 09:45:15.274,100.12,2,100.12,2,100.12,3
2017-12-08 09:46:40.489,100.10,3,100.10,3,100.10,2
2017-12-08 09:47:08.912,100.11,1,100.11,3,100.11,1
2017-12-08 09:47:10.255,100.11,1,100.11,1,100.11,2
2017-12-08 09:48:10.688,100.12,2,100.12,2,100.12,2
2017-12-08 09:49:37.571,100.12,3,100.12,1,100.12,2
2017-12-08 09:54:04.436,100.08,2,100.08,2,100.08,2
2017-12-08 09:57:16.592,100.06,3,100.06,1,100.06,1
2017-12-08 09:57:25.330,100.07,1,100.07,1,100.07,3
2017-12-08 09:58:05.264,100.06,2,100.06,3,100.06,3
2017-12-08 10:02:30.449,100.06,1,100.06,2,100.06,2
2017-12-08 10:03:56.685,100.05,2,100.05,3,100.05,3
2017-12-08 10:04:49.311,100.03,2,100.03,1,100.03,1
2017-12-08 10:05:51.031,100.03,1,100.03,1,100.03,3
2017-12-08 10:08:57.099,100.04,2,100.04,3,100.04,1
2017-12-08 10:10:22.373,100.02,2,100.02,1,100.02,1
2017-12-08 10:11:32.287,100.00,1,100.00,2,100.00,3
2017-12-08 10:12:49.260,100.00,2,100.00,3,100.00,3
2017-12-08 10:12:54.542,100.00,1,100.00,1,100.00,3
2017-12-08 10:13:04.781,100.00,1,100.00,3,100.00,2
2017-12-08 10:17:10.141,99.99,2,99.99,2,99.99,3
2017-12-08 10:17:49.500,100.00,2,100.00,1,100.00,2
2017-12-08 10:19:44.313,100.03,3,100.03,3,100.03,3
2017-12-08 10:19:55.622,100.04,3,100.04,3,100.04,1
2017-12-08 10:21:07.679,100.05,2,100.05,3,100.05,3
2017-12-08 10:22:10.519,100.07,3,100.07,1,100.07,2
2017-12-08 10:23:05.511,100.08,3,100.08,2,100.08,1
2017-12-08 10:24:56.314,100.06,1,100.06,1,100.06,1
2017-12-08 10:28:57.456,100.08,1,100.08,3,100.08,1
2017-12-08 10:33:32.174,100.10,2,100.10,1,100.10,1
2017-12-08 10:34:01.076,100.10,1,100.10,3,100.10,3
2017-12-08 10:34:22.164,100.11,3,100.11,1,100.11,1
2017-12-08 10:34:58.685,100.11,3,100.11,3,100.11,2
2017-12-08 10:34:58.824,100.11,1,100.11,3,100.11,1
2017-12-08 10:37:49.559,100.12,2,100.12,1,100.12,3
2017-12-08 10:38:14.885,100.13,3,100.13,1,100.13,1
2017-12-08 10:40:56.171,100.14,2,100.14,2,100.14,2
2017-12-08 10:44:08.685,100.16,1,100.16,2,100.16,2
2017-12-08 10:48:06.425,100.17,2,100.17,1,100.17,3
2017-12-08 10:51:46.671,100.18,2,100.18,2,100.18,3
2017-12-08 10:53:33.589,100.17,2,100.17,2,100.17,1
2017-12-08 10:54:32.203,100.17,1,100.17,1,100.17,1
2017-12-08 10:55:20.752,100.17,3,100.17,2,100.17,1
2017-12-08 10:57:49.793,100.15,3,100.15,2,100.15,3
2017-12-08 10:59:18.628,100.16,2,100.16,1,100.16,1
2017-12-08 10:59:40.211,100.16,2,100.16,2,100.16,1
2017-12-08 11:00:08.470,100.17,3,100.17,2,100.17,1
2017-12-08 11:00:58.267,100.17,1,100.17,3,100.17,2
2017-12-08 11:02:23.527,100.18,3,100.18,3,100.18,1
2017-12-08 11:03:31.745,100.18,3,100.18,3,100.18,2
2017-12-08 11:03:34.220,100.17,2,100.17,3,100.17,2
2017-12-08 11:07:24.088,100.17,3,100.17,1,100.17,3
2017-12-08 11:07:34.804,100.18,3,100.18,2,100.18,3
2017-12-08 11:09:56.948,100.16,1,100.16,1,100.16,1
2017-12-08 11:10:40.118,100.16,2,100.16,2,100.16,3
2017-12-08 11:11:25.130,100.16,2,100.16,2,100.16,2
2017-12-08 11:11:34.277,100.16,2,100.16,3,100.16,1
2017-12-08 11:13:52.254,100.15,2,100.15,2,100.15,2
2017-12-08 11:14:04.504,100.15,1,100.15,3,100.15,2
2017-12-08 11:15:57.197,100.17,1,100.17,3,100.17,1
2017-12-08 11:17:31.350,100.18,3,100.18,1,100.18,2
2017-12-08 11:26:06.416,100.18,2,100.18,2,100.18,3
2017-12-08 11:27:20.529,100.17,3,100.17,2,100.17,3
2017-12-08 11:27:27.087,100.17,3,100.17,2,100.17,3
2017-12-08 11:28:16.826,100.17,2,100.17,3,100.17,3
2017-12-08 11:28:20.134,100.16,2,100.16,3,100.16,2
2017-12-08 11:28:38.868,100.16,2,100.16,2,100.16,2
2017-12-08 11:30:33.564,100.17,3,100.17,1,100.17,1
2017-12-08 11:34:35.109,100.15,3,100.15,1,100.15,2
2017-12-08 11:35:11.031,100.15,3,100.15,1,100.15,2
2017-12-08 11:35:37.950,100.15,2,100.15,3,100.15,2
2017-12-08 11:40:24.932,100.20,1,100.20,2,100.20,1
2017-12-08 11:40:39.630,100.20,3,100.20,1,100.20,1
2017-12-08 11:42:34.107,100.24,2,100.24,2,100.24,2
2017-12-08 11:43:37.109,100.25,1,100.25,2,100.25,1
2017-12-08 11:47:55.611,100.26,3,100.26,3,100.26,3
2017-12-08 11:48:20.041,100.28,3,100.28,3,100.28,2
2017-12-08 11:48:44.131,100.28,3,100.28,1,100.28,1
2017-12-08 11:48:57.830,100.27,2,100.27,2,100.27,3
2017-12-08 11:50:54.365,100.27,3,100.27,1,100.27,2
2017-12-08 11:53:45.742,100.26,3,100.26,2,100.26,3
2017-12-08 11:54:15.925,100.27,2,100.27,1,100.27,2
2017-12-08 11:55:58.077,100.27,1,100.27,2,100.27,1
2017-12-08 11:58:10.715,100.26,1,100.26,3,100.26,3
2017-12-08 11:59:51.888,100.26,3,100.26,1,100.26,3
2017-12-08 12:02:08.390,100.25,1,100.25,3,100.25,1
2017-12-08 12:02:09.878,100.25,3,100.25,2,100.25,2
2017-12-08 12:02:47.842,100.26,3,100.26,2,100.26,3
2017-12-08 12:04:16.269,100.23,1,100.23,2,100.23,1
2017-12-08 12:05:05.235,100.24,3,100.24,2,100.24,2
2017-12-08 12:09:10.739,100.25,2,100.25,3,100.25,3
2017-12-08 12:11:35.300,100.23,1,100.23,2,100.23,1
2017-12-08 12:12:19.872,100.22,2,100.22,2,100.22,2
2017-12-08 12:12:58.348,100.22,1,100.22,3,100.22,1
2017-12-08 12:14:51.620,100.21,3,100.21,2,100.21,3
2017-12-08 12:17:15.009,100.20,1,100.20,1,100.20,1
2017-12-08 12:17:42.069,100.21,1,100.21,2,100.21,2
2017-12-08 12:17:44.651,100.21,3,100.21,2,100.21,1
2017-12-08 12:18:01.110,100.21,2,100.21,3,100.21,3
2017-12-08 12:24:20.028,100.21,3,100.21,3,100.21,2
2017-12-08 12:25:02.024,100.21,1,100.21,2,100.21,1
2017-12-08 12:25:10.278,100.21,1,100.21,1,100.21,3
2017-12-08 12:26:30.438,100.20,3,100.20,3,100.20,1
2017-12-08 12:29:55.693,100.18,1,100.18,2,100.18,2
2017-12-08 12:30:54.031,100.17,2,100.17,2,100.17,2
2017-12-08 12:32:22.137,100.20,1,100.20,1,100.20,3
2017-12-08 12:33:06.853,100.22,1,100.22,3,100.22,1
2017-12-08 12:33:24.307,100.21,3,100.21,2,100.21,2
2017-12-08 12:34:21.107,100.20,2,100.20,1,100.20,3
2017-12-08 12:34:30.791,100.20,3,100.20,1,100.20,2
2017-12-08 12:34:33.691,100.20,2,100.20,2,100.20,1
2017-12-08 12:34:39.758,100.20,1,100.20,3,100.20,2
2017-12-08 12:37:10.146,100.19,1,100.19,3,100.19,1
2017-12-08 12:37:53.290,100.19,3,100.19,2,100.19,2
2017-12-08 12:41:02.642,100.21,1,100.21,3,100.21,2
2017-12-08 12:41:16.170,100.21,2,100.21,2,100.21,3
2017-12-08 12:42:41.453,100.22,3,100.22,2,100.22,3
2017-12-08 12:42:53.144,100.21,3,100.21,3,100.21,3
2017-12-08 12:43:09.285,100.22,1,100.22,3,100.22,3
2017-12-08 12:45:00.865,100.22,3,100.22,1,100.22,2
2017-12-08 12:48:07.243,100.25,1,100.25,3,100.25,1
2017-12-08 12:48:17.202,100.25,2,100.25,3,100.25,3
2017-12-08 12:56:28.016,100.24,3,100.24,1,100.24,3
2017-12-08 12:56:34.613,100.25,3,100.25,2,100.25,1
2017-12-08 12:56:37.164,100.24,3,100.24,1,100.24,1
2017-12-08 12:57:23.187,100.24,1,100.24,1,100.24,3
2017-12-08 12:59:20.450,100.24,2,100.24,2,100.24,2
2017-12-08 13:01:49.666,100.23,2,100.23,3,100.23,2
2017-12-08 13:04:20.042,100.24,1,100.24,3,100.24,1
2017-12-08 13:04:35.506,100.24,2,100.24,2,100.24,2
2017-12-08 13:05:04.292,100.24,3,100.24,1,100.24,1
2017-12-08 13:07:07.524,100.20,1,100.20,3,100.20,3
2017-12-08 13:08:00.997,100.20,1,100.20,2,100.20,3
2017-12-08 13:08:07.353,100.21,2,100.21,1,100.21,3
2017-12-08 13:09:13.398,100.19,3,100.19,1,100.19,1
2017-12-08 13:10:43.996,100.20,3,100.20,1,100.20,2
2017-12-08 13:14:06.771,100.19,2,100.19,2,100.19,1
2017-12-08 13:17:24.319,100.18,3,100.18,1,100.18,2
2017-12-08 13:17:42.646,100.16,1,100.16,1,100.16,2
2017-12-08 13:18:45.603,100.16,2,100.16,3,100.16,1
2017-12-08 13:19:24.384,100.16,2,100.16,3,100.16,3
2017-12-08 13:20:57.109,100.17,2,100.17,1,100.17,3
2017-12-08 13:22:07.098,100.15,2,100.15,2,100.15,2
2017-12-08 13:23:22.776,100.16,1,100.16,2,100.16,2
2017-12-08 13:27:47.870,100.20,3,100.20,2,100.20,2
2017-12-08 13:28:17.911,100.19,2,100.19,3,100.19,1
2017-12-08 13:28:43.676,100.19,1,100.19,3,100.19,2
2017-12-08 13:29:48.828,100.18,3,100.18,2,100.18,1
2017-12-08 13:30:36.786,100.16,2,100.16,2,100.16,2
2017-12-08 13:32:46.975,100.15,2,100.15,2,100.15,1
2017-12-08 13:36:35.593,100.12,1,100.12,2,100.12,2
2017-12-08 13:37:37.778,100.12,1,100.12,3,100.12,3
2017-12-08 13:40:30.117,100.12,2,100.12,2,100.12,2
2017-12-08 13:41:36.301,100.10,1,100.10,1,100.10,2
2017-12-08 13:42:26.704,100.11,1,100.11,3,100.11,1
2017-12-08 13:47:31.670,100.09,2,100.09,2,100.09,2
2017-12-08 13:48:19.905,100.09,3,100.09,1,100.09,2
2017-12-08 13:48:53.538,100.10,1,100.10,1,100.10,1
2017-12-08 13:48:58.443,100.10,1,100.10,3,100.10,3
2017-12-08 13:50:37.411,100.12,3,100.12,1,100.12,3
2017-12-08 13:51:43.811,100.11,3,100.11,3,100.11,1
2017-12-08 13:53:41.610,100.10,3,100.10,2,100.10,2
2017-12-08 13:54:41.576,100.12,1,100.12,3,100.12,2
2017-12-08 13:54:46.702,100.12,3,100.12,1,100.12,3
2017-12-08 13:56:40.630,100.11,1,100.11,2,100.11,3
2017-12-08 13:57:52.469,100.11,1,100.11,1,100.11,2
2017-12-08 13:57:56.013,100.11,1,100.11,2,100.11,2
2017-12-08 13:59:06.608,100.12,1,100.12,2,100.12,3
2017-12-08 14:01:15.236,100.12,3,100.12,2,100.12,1
2017-12-08 14:01:57.128,100.13,3,100.13,1,100.13,2
2017-12-08 14:02:33.223,100.12,3,100.12,2,100.12,2
2017-12-08 14:07:30.451,100.13,2,100.13,3,100.13,1
2017-12-08 14:07:33.750,100.13,3,100.13,3,100.13,2
2017-12-08 14:09:02.071,100.15,2,100.15,3,100.15,2
2017-12-08 14:10:16.962,100.14,1,100.14,2,100.14,2
2017-12-08 14:10:23.095,100.14,3,100.14,3,100.14,1
2017-12-08 14:10:55.910,100.13,2,100.13,3,100.13,3
2017-12-08 14:14:04.174,100.16,1,100.16,1,100.16,3
2017-12-08 14:15:03.896,100.17,2,100.17,3,100.17,3
2017-12-08 14:15:33.956,100.18,2,100.18,2,100.18,2
2017-12-08 14:17:51.560,100.18,2,100.18,3,100.18,2
2017-12-08 14:18:10.063,100.18,2,100.18,2,100.18,3
2017-12-08 14:18:46.164,100.18,3,100.18,1,100.18,2
2017-12-08 14:21:29.089,100.15,1,100.15,2,100.15,2
2017-12-08 14:22:31.318,100.15,1,100.15,3,100.15,1
2017-12-08 14:25:23.501,100.12,3,100.12,3,100.12,1
2017-12-08 14:25:27.207,100.13,3,100.13,1,100.13,2
2017-12-08 14:25:40.312,100.13,3,100.13,2,100.13,1
2017-12-08 14:27:46.568,100.14,2,100.14,2,100.14,2
2017-12-08 14:27:55.323,100.14,1,100.14,1,100.14,3
2017-12-08 14:28:34.939,100.15,3,100.15,1,100.15,1
2017-12-08 14:28:55.320,100.15,2,100.15,3,100.15,3
2017-12-08 14:31:45.613,100.18,2,100.18,1,100.18,3
2017-12-08 14:32:48.604,100.17,2,100.17,2,100.17,2
2017-12-08 14:33:12.095,100.16,3,100.16,2,100.16,3
2017-12-08 14:33:34.998,100.16,1,100.16,3,100.16,1
2017-12-08 14:35:04.016,100.12,1,100.12,3,100.12,1
2017-12-08 14:36:09.907,100.14,1,100.14,3,100.14,2
2017-12-08 14:39:44.474,100.12,3,100.12,2,100.12,2
2017-12-08 14:43:59.440,100.13,1,100.13,1,100.13,2
2017-12-08 14:44:21.089,100.14,1,100.14,1,100.14,3
2017-12-08 14:46:57.665,100.14,1,100.14,2,100.14,2
2017-12-08 14:47:58.712,100.15,1,100.15,3,100.15,2
2017-12-08 14:50:57.909,100.14,3,100.14,1,100.14,2
2017-12-08 14:51:16.046,100.13,3,100.13,3,100.13,2
2017-12-08 14:51:30.099,100.11,3,100.11,3,100.11,2
2017-12-08 14:54:09.859,100.10,3,100.10,1,100.10,2
2017-12-08 14:54:31.405,100.10,1,100.10,1,100.10,3
2017-12-08 14:54:42.741,100.11,3,100.11,3,100.11,3
2017-12-08 14:56:48.553,100.10,2,100.10,2,100.10,2
2017-12-08 14:57:33.780,100.09,2,100.09,1,100.09,3
2017-12-08 14:58:47.304,100.11,2,100.11,3,100.11,1
2017-12-08 15:03:01.585,100.11,1,100.11,2,100.11,1
2017-12-08 15:05:29.674,100.10,3,100.10,1,100.10,2
2017-12-08 15:06:48.955,100.11,1,100.11,1,100.11,1
2017-12-08 15:07:01.602,100.11,2,100.11,1,100.11,3
2017-12-08 15:12:12.916,100.13,3,100.13,1,100.13,2
2017-12-08 15:12:56.514,100.14,2,100.14,3,100.14,1
2017-12-08 15:14:09.108,100.14,3,100.14,2,100.14,3
2017-12-08 15:14:48.153,100.13,2,100.13,2,100.13,1
2017-12-08 15:18:06.726,100.13,3,100.13,1,100.13,1
2017-12-08 15:19:56.737,100.13,2,100.13,2,100.13,2
2017-12-08 15:21:07.402,100.11,3,100.11,3,100.11,3
2017-12-08 15:23:18.848,100.11,3,100.11,3,100.11,1
2017-12-08 15:24:29.684,100.12,3,100.12,2,100.12,2
2017-12-08 15:25:31.101,100.13,1,100.13,1,100.13,1
2017-12-08 15:26:23.247,100.13,1,100.13,3,100.13,3
2017-12-08 15:27:42.410,100.13,3,100.13,3,100.13,3
2017-12-08 15:29:10.983,100.14,3,100.14,3,100.14,2
2017-12-08 15:32:07.553,100.13,2,100.13,2,100.13,1
2017-12-08 15:32:16.386,100.13,2,100.13,2,100.13,1
2017-12-08 15:33:04.417,100.14,2,100.14,2,100.14,2
2017-12-08 15:33:38.297,100.14,1,100.14,3,100.14,1
2017-12-08 15:35:01.245,100.12,1,100.12,1,100.12,1
2017-12-08 15:35:13.831,100.11,1,100.11,1,100.11,2
2017-12-08 15:35:53.214,100.11,2,100.11,2,100.11,1
2017-12-08 15:37:29.940,100.13,3,100.13,1,100.13,1
2017-12-08 15:37:35.322,100.13,3,100.13,1,100.13,2
2017-12-08 15:38:33.243,100.12,3,100.12,3,100.12,2
2017-12-08 15:39:22.450,100.12,3,100.12,2,100.12,2
2017-12-08 15:39:36.941,100.13,2,100.13,2,100.13,2
2017-12-08 15:40:24.102,100.12,1,100.12,1,100.12,1
2017-12-08 15:44:43.983,100.13,2,100.13,2,100.13,1
2017-12-08 15:44:54.858,100.14,3,100.14,3,100.14,1
2017-12-08 15:46:25.831,100.10,2,100.10,1,100.10,3
2017-12-08 15:47:58.954,100.10,1,100.10,1,100.10,3
2017-12-08 15:50:04.817,100.10,3,100.10,3,100.10,3
2017-12-08 15:50:43.166,100.09,2,100.09,2,100.09,3
2017-12-08 15:52:16.763,100.11,1,100.11,1,100.11,2
2017-12-08 15:54:47.458,100.12,1,100.12,3,100.12,3
2017-12-08 15:54:57.939,100.11,3,100.11,2,100.11,2
2017-12-08 15:57:26.794,100.09,1,100.09,2,100.09,3
2017-12-08 16:01:44.972,100.06,3,100.06,3,100.06,1
2017-12-08 16:02:01.075,100.06,3,100.06,1,100.06,1
2017-12-08 16:02:41.832,100.06,1,100.06,2,100.06,3
2017-12-08 16:03:20.328,100.06,1,100.06,1,100.06,3
2017-12-08 16:05:29.179,100.09,3,100.09,3,100.09,1
2017-12-08 16:08:05.465,100.10,3,100.10,1,100.10,2
2017-12-08 16:08:56.240,100.09,2,100.09,2,100.09,3
2017-12-08 16:10:01.101,100.07,2,100.07,2,100.07,1
2017-12-08 16:11:40.871,100.08,2,100.08,2,100.08,3
2017-12-08 16:13:33.047,100.05,3,100.05,2,100.05,2
2017-12-08 16:15:29.267,100.03,1,100.03,2,100.03,1
2017-12-08 16:16:54.366,100.05,3,100.05,3,100.05,3
2017-12-08 16:18:15.635,100.07,2,100.07,2,100.07,1
2017-12-08 16:20:26.275,100.07,1,100.07,1,100.07,2
2017-12-08 16:21:20.000,100.08,3,100.08,2,100.08,1
2017-12-08 16:21:35.767,100.08,2,100.08,1,100.08,2
2017-12-08 16:22:44.812,100.09,1,100.09,1,100.09,2
2017-12-08 16:23:32.933,100.07,1,100.07,3,100.07,2
2017-12-08 16:27:19.659,100.08,1,100.08,3,100.08,2
2017-12-08 16:28:19.349,100.07,2,100.07,3,100.07,2
2017-12-08 16:31:07.554,100.09,1,100.09,2,100.09,2
2017-12-08 16:34:30.965,100.10,2,100.10,1,100.10,1
2017-12-08 16:35:42.466,100.10,3,100.10,1,100.10,1
2017-12-08 16:36:23.249,100.10,1,100.10,3,100.10,1
2017-12-08 16:37:14.365,100.11,2,100.11,3,100.11,3
2017-12-08 16:37:38.882,100.11,2,100.11,1,100.11,2
2017-12-08 16:38:07.743,100.13,2,100.13,3,100.13,2
2017-12-08 16:39:18.351,100.14,2,100.14,2,100.14,3
2017-12-08 16:39:28.870,100.14,1,100.14,2,100.14,1
2017-12-08 16:40:18.499,100.13,3,100.13,1,100.13,2
2017-12-08 16:43:11.797,100.15,1,100.15,3,100.15,1
2017-12-08 16:44:04.486,100.15,1,100.15,2,100.15,3
2017-12-08 16:45:10.114,100.16,2,100.16,2,100.16,1
2017-12-08 16:47:10.036,100.15,2,100.15,1,100.15,3
2017-12-08 16:47:28.323,100.15,2,100.15,2,100.15,1
2017-12-08 16:49:20.317,100.16,3,100.16,2,100.16,1
2017-12-08 16:50:11.371,100.18,3,100.18,3,100.18,1
2017-12-08 16:54:00.303,100.21,3,100.21,1,100.21,3
2017-12-08 16:54:35.975,100.22,2,100.22,2,100.22,1
2017-12-08 16:55:44.139,100.21,3,100.21,2,100.21,1
2017-12-08 16:56:00.192,100.22,1,100.22,1,100.22,3
2017-12-08 16:57:16.921,100.22,2,100.22,1,100.22,3
2017-12-08 16:59:23.776,100.22,1,100.22,2,100.22,3
2017-12-08 16:59:53.177,100.24,3,100.24,1,100.24,3
2017-12-08 17:01:51.316,100.25,2,100.25,3,100.25,3
2017-12-08 17:03:12.392,100.26,1,100.26,2,100.26,3
2017-12-08 17:03:16.398,100.26,1,100.26,3,100.26,3
2017-12-08 17:08:09.062,100.23,2,100.23,1,100.23,3
2017-12-08 17:08:59.848,100.24,3,100.24,1,100.24,2
2017-12-08 17:10:58.554,100.23,1,100.23,1,100.23,3
2017-12-08 17:11:41.518,100.23,2,100.23,1,100.23,1
2017-12-08 17:12:18.577,100.24,1,100.24,3,100.24,3
2017-12-08 17:14:27.841,100.21,2,100.21,2,100.21,2
2017-12-08 17:14:30.888,100.21,1,100.21,3,100.21,2
2017-12-08 17:15:54.068,100.20,3,100.20,3,100.20,2
2017-12-08 17:16:02.817,100.20,3,100.20,3,100.20,2
2017-12-08 17:16:23.325,100.19,1,100.19,2,100.19,2
2017-12-08 17:16:56.801,100.18,3,100.18,1,100.18,3
2017-12-08 17:20:48.045,100.15,1,100.15,3,100.15,1
2017-12-08 17:22:02.295,100.15,3,100.15,2,100.15,2
2017-12-08 17:23:32.280,100.16,1,100.16,1,100.16,1
2017-12-08 17:24:31.691,100.16,1,100.16,3,100.16,2
2017-12-08 17:31:44.770,100.17,2,100.17,3,100.17,2
2017-12-08 17:31:46.309,100.17,2,100.17,2,100.17,3
2017-12-08 17:33:07.824,100.20,2,100.20,1,100.20,1
2017-12-08 17:34:08.287,100.19,3,100.19,1,100.19,1
2017-12-08 17:37:13.818,100.19,1,100.19,2,100.19,2
2017-12-08 17:37:18.424,100.19,2,100.19,2,100.19,3
2017-12-08 17:38:22.396,100.20,1,100.20,3,100.20,1
2017-12-08 17:39:23.882,100.19,2,100.19,2,100.19,1
2017-12-08 17:39:55.761,100.20,2,100.20,1,100.20,2
2017-12-08 17:42:42.274,100.23,3,100.23,2,100.23,1
2017-12-08 17:43:05.359,100.22,3,100.22,3,100.22,3
2017-12-08 17:43:54.138,100.24,1,100.24,1,100.24,1
2017-12-08 17:45:47.734,100.24,1,100.24,3,100.24,3
2017-12-08 17:47:10.008,100.24,1,100.24,3,100.24,1
2017-12-08 17:47:37.688,100.24,3,100.24,1,100.24,1
2017-12-08 17:48:30.363,100.25,2,100.25,1,100.25,2
2017-12-08 17:48:45.126,100.25,1,100.25,2,100.25,3
2017-12-08 17:50:24.250,100.24,1,100.24,1,100.24,2
2017-12-08 17:52:00.679,100.22,3,100.22,1,100.22,3
2017-12-08 17:52:03.565,100.22,2,100.22,1,100.22,2
2017-12-08 17:52:26.552,100.23,1,100.23,3,100.23,2
2017-12-08 17:54:03.604,100.25,2,100.25,3,100.25,1
2017-12-08 17:59:29.646,100.22,3,100.22,3,100.22,1
2017-12-08 18:01:10.641,100.23,3,100.23,3,100.23,3
2017-12-08 18:01:26.460,100.23,2,100.23,1,100.23,3
2017-12-08 18:02:35.114,100.22,2,100.22,2,100.22,1
2017-12-08 18:07:20.866,100.22,1,100.22,3,100.22,1
2017-12-08 18:08:33.068,100.22,2,100.22,1,100.22,3
2017-12-08 18:09:04.409,100.21,1,100.21,3,100.21,2
2017-12-08 18:09:16.384,100.22,2,100.22,2,100.22,2
2017-12-08 18:14:01.831,100.23,2,100.23,1,100.23,3
2017-12-08 18:14:24.681,100.22,3,100.22,3,100.22,1
2017-12-08 18:15:28.804,100.21,2,100.21,3,100.21,2
2017-12-08 18:16:32.495,100.22,3,100.22,3,100.22,1
2017-12-08 18:21:39.181,100.21,2,100.21,2,100.21,3
2017-12-08 18:23:32.827,100.21,1,100.21,3,100.21,3
2017-12-08 18:24:03.848,100.21,1,100.21,2,100.21,3
2017-12-08 18:24:47.353,100.20,1,100.20,1,100.20,1
2017-12-08 18:25:38.705,100.19,3,100.19,3,100.19,2
2017-12-08 18:27:42.300,100.20,1,100.20,3,100.20,2
2017-12-08 18:28:26.879,100.18,1,100.18,2,100.18,2
2017-12-08 18:30:12.489,100.20,2,100.20,2,100.20,1
2017-12-08 18:32:08.965,100.19,3,100.19,1,100.19,3
2017-12-08 18:33:14.572,100.22,1,100.22,2,100.22,1
2017-12-08 18:34:24.754,100.21,3,100.21,3,100.21,2
2017-12-08 18:37:25.407,100.20,3,100.20,3,100.20,2
2017-12-08 18:39:43.805,100.17,1,100.17,3,100.17,2
2017-12-08 18:39:48.411,100.16,3,100.16,2,100.16,3
2017-12-08 18:43:05.965,100.18,1,100.18,2,100.18,1
2017-12-08 18:44:17.220,100.18,1,100.18,1,100.18,3
2017-12-08 18:46:09.007,100.19,2,100.19,1,100.19,2
2017-12-08 18:46:38.797,100.18,2,100.18,1,100.18,3
2017-12-08 18:46:46.654,100.17,1,100.17,1,100.17,2
2017-12-08 18:47:18.270,100.17,3,100.17,3,100.17,3
2017-12-08 18:49:22.093,100.18,1,100.18,1,100.18,3
2017-12-08 18:49:52.710,100.19,2,100.19,2,100.19,3
2017-12-08 18:52:39.509,100.18,1,100.18,3,100.18,1
2017-12-08 18:54:19.202,100.20,2,100.20,3,100.20,1
2017-12-08 18:56:44.939,100.23,3,100.23,2,100.23,2
2017-12-08 18:57:50.961,100.22,2,100.22,3,100.22,1
2017-12-08 18:58:12.696,100.22,2,100.22,3,100.22,1
2017-12-08 18:58:36.430,100.21,1,100.21,2,100.21,1
2017-12-08 18:59:25.118,100.21,1,100.21,2,100.21,2
2017-12-08 18:59:58.201,100.22,2,100.22,3,100.22,2
2017-12-08 19:00:41.437,100.22,3,100.22,2,100.22,1
2017-12-08 19:01:31.375,100.22,2,100.22,3,100.22,1
2017-12-08 19:04:21.811,100.22,3,100.22,3,100.22,1
2017-12-08 19:05:34.025,100.22,3,100.22,3,100.22,1
2017-12-08 19:05:44.996,100.22,1,100.22,2,100.22,1
2017-12-08 19:07:28.779,100.21,1,100.21,1,100.21,1
2017-12-08 19:07:36.906,100.21,3,100.21,1,100.21,3
2017-12-08 19:10:12.103,100.21,2,100.21,2,100.21,3
2017-12-08 19:10:42.591,100.22,2,100.22,1,100.22,2
2017-12-08 19:11:39.144,100.20,1,100.20,3,100.20,1
2017-12-08 19:11:46.903,100.20,2,100.20,2,100.20,1
2017-12-08 19:11:49.270,100.20,2,100.20,3,100.20,1
2017-12-08 19:11:56.278,100.20,3,100.20,2,100.20,3
2017-12-08 19:12:06.849,100.20,1,100.20,1,100.20,1
2017-12-08 19:14:10.452,100.15,2,100.15,1,100.15,1
2017-12-08 19:14:29.651,100.15,2,100.15,3,100.15,3
2017-12-08 19:15:46.808,100.14,1,100.14,2,100.14,3
2017-12-08 19:16:27.197,100.14,2,100.14,3,100.14,2
2017-12-08 19:19:35.267,100.13,1,100.13,1,100.13,2
2017-12-08 19:21:50.871,100.09,2,100.09,2,100.09,1
2017-12-08 19:22:50.677,100.08,3,100.08,1,100.08,1
2017-12-08 19:24:30.468,100.06,2,100.06,1,100.06,3
2017-12-08 19:26:35.667,100.06,3,100.06,1,100.06,3
2017-12-08 19:27:16.840,100.06,3,100.06,1,100.06,1
2017-12-08 19:27:57.327,100.06,1,100.06,2,100.06,1
2017-12-08 19:27:59.076,100.06,2,100.06,1,100.06,1
2017-12-08 19:28:17.374,100.06,3,100.06,1,100.06,1
2017-12-08 19:29:12.087,100.05,1,100.05,3,100.05,3
2017-12-08 19:29:17.090,100.05,2,100.05,3,100.05,1
2017-12-08 19:29:17.325,100.05,3,100.05,3,100.05,2
2017-12-08 19:31:46.550,100.06,1,100.06,2,100.06,1
2017-12-08 19:32:02.694,100.07,2,100.07,1,100.07,2
2017-12-08 19:34:10.368,100.08,3,100.08,2,100.08,3
2017-12-08 19:36:37.419,100.08,1,100.08,3,100.08,3
2017-12-08 19:38:04.610,100.08,1,100.08,2,100.08,1
2017-12-08 19:41:32.752,100.08,2,100.08,2,100.08,2
2017-12-08 19:41:47.109,100.08,1,100.08,3,100.08,2
2017-12-08 19:44:39.069,100.10,2,100.10,2,100.10,3
2017-12-08 19:46:06.347,100.09,2,100.09,1,100.09,1
2017-12-08 19:46:21.119,100.09,1,100.09,2,100.09,3
2017-12-08 19:46:47.560,100.08,3,100.08,2,100.08,1
2017-12-08 19:47:55.705,100.09,1,100.09,2,100.09,3
2017-12-08 19:48:18.836,100.10,3,100.10,3,100.10,1
2017-12-08 19:50:38.190,100.12,1,100.12,1,100.12,2
2017-12-08 19:51:16.165,100.12,2,100.12,1,100.12,3
2017-12-08 19:52:46.879,100.13,2,100.13,3,100.13,3
2017-12-08 19:54:19.251,100.11,2,100.11,2,100.11,2
2017-12-08 19:56:43.543,100.11,3,100.11,3,100.11,2
2017-12-08 19:56:59.788,100.11,2,100.11,2,100.11,1
2017-12-08 19:58:12.423,100.10,3,100.10,3,100.10,2
2017-12-08 19:59:06.832,100.10,2,100.10,3,100.10,3
2017-12-08 19:59:35.626,100.10,3,100.10,2,100.10,1
2017-12-08 20:00:23.229,100.10,2,100.10,3,100.10,1
2017-12-08 20:00:37.067,100.10,1,100.10,2,100.10,1
2017-12-08 20:00:58.208,100.10,3,100.10,1,100.10,2
2017-12-08 20:02:39.730,100.10,1,100.10,2,100.10,3
2017-12-08 20:05:31.000,100.09,3,100.09,2,100.09,3
2017-12-08 20:08:20.830,100.10,3,100.10,1,100.10,3
2017-12-08 20:09:23.787,100.10,1,100.10,1,100.10,2
2017-12-08 20:10:31.070,100.08,2,100.08,2,100.08,3
2017-12-08 20:11:13.379,100.09,1,100.09,3,100.09,3
2017-12-08 20:12:13.313,100.09,2,100.09,1,100.09,2
2017-12-08 20:16:22.075,100.11,1,100.11,2,100.11,1
2017-12-08 20:17:42.368,100.12,2,100.12,3,100.12,1
2017-12-08 20:19:44.571,100.10,1,100.10,1,100.10,1
2017-12-08 20:24:07.957,100.06,2,100.06,2,100.06,3
2017-12-08 20:26:47.064,100.06,2,100.06,2,100.06,2
2017-12-08 20:27:12.301,100.06,1,100.06,3,100.06,2
2017-12-08 20:27:18.530,100.05,2,100.05,1,100.05,1
2017-12-08 20:29:34.870,100.08,1,100.08,1,100.08,1
2017-12-08 20:31:08.446,100.06,2,100.06,3,100.06,3
2017-12-08 20:31:45.586,100.06,2,100.06,3,100.06,1
2017-12-08 20:32:24.313,100.04,1,100.04,2,100.04,1
2017-12-08 20:35:17.972,100.05,2,100.05,3,100.05,2
2017-12-08 20:37:54.450,100.06,1,100.06,1,100.06,1
2017-12-08 20:41:05.687,100.06,1,100.06,2,100.06,1
2017-12-08 20:41:22.640,100.05,3,100.05,3,100.05,2
2017-12-08 20:42:23.503,100.06,1,100.06,1,100.06,2
2017-12-08 20:44:59.653,100.06,2,100.06,1,100.06,2
2017-12-08 20:45:14.433,100.06,3,100.06,1,100.06,2
2017-12-08 20:45:20.145,100.06,3,100.06,2,100.06,3
2017-12-08 20:45:22.591,100.05,3,100.05,1,100.05,1
2017-12-08 20:47:14.090,100.03,1,100.03,3,100.03,1
2017-12-08 20:47:21.224,100.03,1,100.03,3,100.03,3
2017-12-08 20:47:43.489,100.04,3,100.04,3,100.04,1
2017-12-08 20:48:21.308,100.04,1,100.04,1,100.04,3
2017-12-08 20:50:16.578,100.05,3,100.05,1,100.05,3
2017-12-08 20:51:23.267,100.03,2,100.03,3,100.03,2
2017-12-08 20:52:35.370,100.03,1,100.03,2,100.03,1
2017-12-08 20:53:42.072,100.03,2,100.03,2,100.03,1
2017-12-08 20:54:52.322,100.04,3,100.04,2,100.04,2
2017-12-08 20:55:21.628,100.04,3,100.04,3,100.04,1
2017-12-08 20:56:28.243,100.01,1,100.01,2,100.01,1
2017-12-08 21:03:57.746,100.01,3,100.01,2,100.01,3
2017-12-08 21:04:34.926,100.01,2,100.01,2,100.01,1
2017-12-08 21:05:31.304,100.00,1,100.00,1,100.00,1
2017-12-08 21:12:33.738,99.98,2,99.98,2,99.98,3
2017-12-08 21:15:38.084,99.98,2,99.98,1,99.98,3
2017-12-08 21:16:26.531,99.98,2,99.98,2,99.98,2
2017-12-08 21:17:34.575,99.97,1,99.97,3,99.97,2
2017-12-08 21:24:19.113,99.97,2,99.97,2,99.97,1
2017-12-08 21:24:22.963,99.97,3,99.97,3,99.97,2
2017-12-08 21:30:26.041,99.94,2,99.94,3,99.94,1
2017-12-08 21:31:04.790,99.94,1,99.94,2,99.94,1
2017-12-08 21:37:45.970,99.94,3,99.94,1,99.94,1
2017-12-08 21:38:52.076,99.93,2,99.93,3,99.93,2
2017-12-08 21:39:08.580,99.94,1,99.94,3,99.94,2
2017-12-08 21:39:18.695,99.94,1,99.94,1,99.94,3
2017-12-08 21:43:05.657,99.91,2,99.91,2,99.91,1
2017-12-08 21:45:14.499,99.89,2,99.89,2,99.89,2
2017-12-08 21:45:43.532,99.89,2,99.89,1,99.89,2
2017-12-08 21:46:03.739,99.89,1,99.89,3,99.89,3
2017-12-08 21:47:24.269,99.89,2,99.89,2,99.89,1
2017-12-08 21:50:15.988,99.86,2,99.86,3,99.86,2
2017-12-08 21:55:32.811,99.92,3,99.92,2,99.92,3
2017-12-08 21:56:16.246,99.90,2,99.90,3,99.90,1
2017-12-08 21:58:51.099,99.88,3,99.88,2,99.88,1
2017-12-08 21:59:30.778,99.88,1,99.88,1,99.88,3
2017-12-08 22:01:29.080,99.87,2,99.87,1,99.87,2
2017-12-08 22:02:00.225,99.87,1,99.87,3,99.87,2
2017-12-08 22:05:26.849,99.88,1,99.88,3,99.88,2
2017-12-08 22:07:41.459,99.88,1,99.88,3,99.88,3
2017-12-08 22:08:59.737,99.88,3,99.88,3,99.88,2
2017-12-08 22:10:29.719,99.87,3,99.87,3,99.87,1
2017-12-08 22:12:22.165,99.86,2,99.86,3,99.86,3
2017-12-08 22:16:01.394,99.87,3,99.87,1,99.87,1
2017-12-08 22:16:53.906,99.87,2,99.87,1,99.87,2
2017-12-08 22:17:49.602,99.86,2,99.86,2,99.86,2
2017-12-08 22:18:33.227,99.86,2,99.86,1,99.86,2
2017-12-08 22:19:15.086,99.85,3,99.85,1,99.85,1
2017-12-08 22:23:06.810,99.84,3,99.84,1,99.84,2
2017-12-08 22:26:23.453,99.82,3,99.82,3,99.82,1
2017-12-08 22:26:44.930,99.83,2,99.83,1,99.83,3
2017-12-08 22:27:07.592,99.82,3,99.82,1,99.82,1
2017-12-08 22:27:56.026,99.80,1,99.80,3,99.80,2
2017-12-08 22:28:12.837,99.81,3,99.81,2,99.81,3
2017-12-08 22:31:19.919,99.82,1,99.82,3,99.82,3
2017-12-08 22:33:35.371,99.83,3,99.83,2,99.83,1
2017-12-08 22:34:20.823,99.83,2,99.83,1,99.83,2
2017-12-08 22:35:05.182,99.83,1,99.83,3,99.83,1
2017-12-08 22:37:25.636,99.85,2,99.85,3,99.85,2
2017-12-08 22:43:59.911,99.87,2,99.87,3,99.87,1
2017-12-08 22:44:16.380,99.87,1,99.87,3,99.87,2
2017-12-08 22:46:29.605,99.87,1,99.87,1,99.87,2
2017-12-08 22:47:11.410,99.87,3,99.87,2,99.87,2
2017-12-08 22:47:35.874,99.87,3,99.87,2,99.87,1
2017-12-08 22:48:46.641,99.87,3,99.87,2,99.87,3
2017-12-08 22:49:52.348,99.86,3,99.86,3,99.86,1
2017-12-08 22:51:54.210,99.85,1,99.85,1,99.85,1
2017-12-08 22:51:54.512,99.85,2,99.85,3,99.85,1
2017-12-08 22:52:37.445,99.85,1,99.85,3,99.85,3
2017-12-08 22:56:46.257,99.85,3,99.85,1,99.85,1
2017-12-08 22:57:43.284,99.87,3,99.87,3,99.87,3
2017-12-08 22:57:58.335,99.86,1,99.86,1,99.86,1
2017-12-08 23:01:56.964,99.87,2,99.87,1,99.87,3
2017-12-08 23:03:31.000,99.87,2,99.87,3,99.87,1
2017-12-08 23:04:03.439,99.87,2,99.87,2,99.87,1
2017-12-08 23:07:35.002,99.87,3,99.87,2,99.87,2
2017-12-08 23:08:05.866,99.86,3,99.86,1,99.86,1
2017-12-08 23:09:22.001,99.84,3,99.84,3,99.84,2
2017-12-08 23:10:42.394,99.82,2,99.82,2,99.82,1
2017-12-08 23:10:52.599,99.82,1,99.82,3,99.82,2
2017-12-08 23:13:02.855,99.80,3,99.80,2,99.80,3
2017-12-08 23:20:12.579,99.82,1,99.82,3,99.82,2
2017-12-08 23:20:47.975,99.81,1,99.81,2,99.81,1
2017-12-08 23:21:16.236,99.81,3,99.81,1,99.81,1
2017-12-08 23:22:46.013,99.79,3,99.79,3,99.79,3
2017-12-08 23:28:43.475,99.79,1,99.79,2,99.79,1
2017-12-08 23:33:18.717,99.78,2,99.78,3,99.78,1
2017-12-08 23:36:14.140,99.81,1,99.81,3,99.81,2
2017-12-08 23:41:40.893,99.78,1,99.78,2,99.78,3
2017-12-08 23:44:31.499,99.76,3,99.76,2,99.76,2
2017-12-08 23:45:02.249,99.76,3,99.76,2,99.76,1
2017-12-08 23:48:02.951,99.78,2,99.78,3,99.78,3
2017-12-08 23:48:40.883,99.77,2,99.77,2,99.77,3
2017-12-08 23:49:02.806,99.76,2,99.76,3,99.76,3
2017-12-08 23:52:15.432,99.77,3,99.77,1,99.77,2
2017-12-08 23:52:42.924,99.76,2,99.76,3,99.76,3
2017-12-08 23:56:39.830,99.80,2,99.80,2,99.80,3
2017-12-08 23:56:42.288,99.79,1,99.79,2,99.79,3
2017-12-08 23:58:26.246,99.81,3,99.81,2,99.81,3
2017-12-08 23:59:22.001,99.81,2,99.81,1,99.81,1
2017-12-08 23:59:37.866,99.81,1,99.81,1,99.81,1
