2017-12-07 00:00:11.728,100.00,1,100.00,3,100.00,3
2017-12-07 00:01:34.955,99.99,2,99.99,3,99.99,3
2017-12-07 00:01:51.869,100.00,2,100.00,3,100.00,3
2017-12-07 00:06:28.822,99.98,2,99.98,3,99.98,3
2017-12-07 00:08:06.464,99.97,2,99.97,2,99.97,3
2017-12-07 00:10:02.511,99.95,3,99.95,1,99.95,2
2017-12-07 00:11:34.515,99.97,2,99.97,2,99.97,3
2017-12-07 00:11:43.227,99.97,2,99.97,3,99.97,3
2017-12-07 00:13:36.895,99.94,2,99.94,1,99.94,2
2017-12-07 00:15:54.015,99.93,3,99.93,3,99.93,2
2017-12-07 00:16:15.718,99.92,1,99.92,3,99.92,2
2017-12-07 00:17:04.234,99.91,1,99.91,3,99.91,2
2017-12-07 00:17:21.976,99.92,2,99.92,2,99.92,2
2017-12-07 00:21:29.005,99.87,1,99.87,1,99.87,2
2017-12-07 00:25:34.906,99.87,3,99.87,2,99.87,2
2017-12-07 00:26:04.106,99.86,3,99.86,3,99.86,2
2017-12-07 00:26:15.741,99.87,2,99.87,2,99.87,2
2017-12-07 00:26:23.910,99.87,1,99.87,3,99.87,2
2017-12-07 00:28:43.853,99.86,3,99.86,2,99.86,1
2017-12-07 00:33:09.482,99.87,2,99.87,2,99.87,2
2017-12-07 00:33:10.904,99.88,1,99.88,3,99.88,2
2017-12-07 00:33:56.654,99.86,1,99.86,1,99.86,3
2017-12-07 00:34:56.335,99.85,2,99.85,1,99.85,3
2017-12-07 00:36:50.385,99.84,2,99.84,3,99.84,2
2017-12-07 00:37:53.252,99.84,1,99.84,3,99.84,3
2017-12-07 00:39:11.433,99.81,3,99.81,2,99.81,1
2017-12-07 00:39:18.504,99.81,1,99.81,1,99.81,3
2017-12-07 00:39:44.041,99.80,3,99.80,3,99.80,1
2017-12-07 00:45:12.446,99.81,3,99.81,1,99.81,1
2017-12-07 00:49:32.062,99.79,3,99.79,3,99.79,2
2017-12-07 00:49:49.630,99.79,1,99.79,2,99.79,2
2017-12-07 00:49:50.195,99.79,3,99.79,2,99.79,3
2017-12-07 00:51:19.462,99.76,1,99.76,1,99.76,3
2017-12-07 00:51:40.108,99.76,1,99.76,3,99.76,3
2017-12-07 00:56:32.894,99.73,2,99.73,1,99.73,2
2017-12-07 01:02:10.565,99.75,3,99.75,3,99.75,2
2017-12-07 01:04:59.769,99.77,1,99.77,3,99.77,2
2017-12-07 01:05:14.130,99.78,3,99.78,2,99.78,1
2017-12-07 01:10:29.170,99.79,2,99.79,1,99.79,3
2017-12-07 01:12:36.866,99.79,3,99.79,3,99.79,2
2017-12-07 01:12:45.224,99.78,1,99.78,3,99.78,3
2017-12-07 01:13:56.902,99.79,1,99.79,2,99.79,3
2017-12-07 01:16:13.749,99.77,1,99.77,3,99.77,2
2017-12-07 01:18:38.343,99.76,3,99.76,3,99.76,1
2017-12-07 01:19:35.262,99.77,2,99.77,2,99.77,2
2017-12-07 01:19:46.999,99.77,2,99.77,2,99.77,3
2017-12-07 01:20:34.814,99.77,1,99.77,3,99.77,3
2017-12-07 01:21:13.794,99.78,1,99.78,1,99.78,3
2017-12-07 01:22:13.579,99.77,2,99.77,3,99.77,3
2017-12-07 01:22:33.120,99.77,1,99.77,2,99.77,1
2017-12-07 01:24:27.020,99.77,3,99.77,1,99.77,1
2017-12-07 01:25:11.226,99.78,2,99.78,3,99.78,2
2017-12-07 01:30:23.639,99.73,2,99.73,1,99.73,3
2017-12-07 01:31:18.083,99.73,1,99.73,2,99.73,3
2017-12-07 01:34:29.794,99.72,2,99.72,1,99.72,3
2017-12-07 01:36:41.771,99.74,3,99.74,1,99.74,1
2017-12-07 01:41:06.257,99.74,1,99.74,1,99.74,1
2017-12-07 01:42:26.288,99.77,1,99.77,2,99.77,3
2017-12-07 01:47:10.353,99.76,1,99.76,2,99.76,1
2017-12-07 01:47:49.882,99.76,1,99.76,1,99.76,3
2017-12-07 01:53:31.681,99.81,3,99.81,3,99.81,1
2017-12-07 01:54:17.735,99.81,2,99.81,2,99.81,2
2017-12-07 01:54:52.766,99.81,3,99.81,1,99.81,3
2017-12-07 01:58:23.566,99.85,3,99.85,2,99.85,3
2017-12-07 02:00:55.840,99.88,1,99.88,2,99.88,2
2017-12-07 02:02:09.567,99.88,2,99.88,1,99.88,2
2017-12-07 02:02:50.414,99.88,2,99.88,3,99.88,1
2017-12-07 02:04:05.619,99.89,2,99.89,1,99.89,2
2017-12-07 02:06:19.205,99.90,2,99.90,2,99.90,1
2017-12-07 02:10:49.680,99.91,1,99.91,1,99.91,2
2017-12-07 02:11:10.105,99.90,1,99.90,3,99.90,2
2017-12-07 02:13:52.812,99.88,2,99.88,2,99.88,3
2017-12-07 02:17:34.468,99.86,1,99.86,1,99.86,3
2017-12-07 02:20:36.443,99.83,1,99.83,3,99.83,3
2017-12-07 02:26:17.715,99.83,1,99.83,1,99.83,2
2017-12-07 02:26:37.975,99.82,1,99.82,3,99.82,1
2017-12-07 02:29:35.310,99.81,1,99.81,1,99.81,2
2017-12-07 02:30:10.346,99.81,2,99.81,1,99.81,1
2017-12-07 02:31:24.236,99.82,1,99.82,1,99.82,1
2017-12-07 02:33:27.587,99.83,2,99.83,1,99.83,2
2017-12-07 02:37:25.237,99.83,1,99.83,2,99.83,3
2017-12-07 02:40:27.813,99.85,2,99.85,3,99.85,2
2017-12-07 02:44:13.363,99.85,1,99.85,1,99.85,2
2017-12-07 02:45:43.486,99.83,1,99.83,2,99.83,2
2017-12-07 02:45:54.065,99.83,3,99.83,3,99.83,1
2017-12-07 02:47:10.389,99.84,2,99.84,3,99.84,2
2017-12-07 02:48:57.786,99.82,2,99.82,2,99.82,2
2017-12-07 02:49:28.965,99.83,2,99.83,3,99.83,1
2017-12-07 02:50:35.255,99.82,2,99.82,1,99.82,3
2017-12-07 02:51:37.262,99.84,2,99.84,2,99.84,1
2017-12-07 02:51:37.512,99.84,1,99.84,1,99.84,3
2017-12-07 02:51:56.754,99.84,2,99.84,2,99.84,3
2017-12-07 02:51:59.315,99.84,3,99.84,1,99.84,3
2017-12-07 02:52:36.345,99.85,1,99.85,1,99.85,2
2017-12-07 02:55:11.911,99.87,1,99.87,1,99.87,3
2017-12-07 02:57:56.924,99.87,2,99.87,3,99.87,2
2017-12-07 02:59:49.859,99.84,2,99.84,2,99.84,3
2017-12-07 03:00:47.744,99.85,2,99.85,2,99.85,1
2017-12-07 03:06:42.820,99.87,1,99.87,3,99.87,2
2017-12-07 03:08:10.601,99.90,3,99.90,2,99.90,3
2017-12-07 03:09:00.846,99.91,2,99.91,1,99.91,1
2017-12-07 03:10:04.282,99.93,3,99.93,2,99.93,1
2017-12-07 03:10:58.769,99.93,3,99.93,3,99.93,2
2017-12-07 03:12:08.815,99.94,3,99.94,2,99.94,3
2017-12-07 03:13:28.291,99.94,3,99.94,1,99.94,2
2017-12-07 03:14:37.681,99.94,1,99.94,2,99.94,2
2017-12-07 03:14:54.130,99.94,3,99.94,3,99.94,2
2017-12-07 03:17:24.499,99.94,1,99.94,3,99.94,3
2017-12-07 03:17:31.241,99.94,2,99.94,1,99.94,3
2017-12-07 03:18:01.715,99.95,2,99.95,1,99.95,2
2017-12-07 03:18:33.466,99.95,2,99.95,3,99.95,2
2017-12-07 03:18:55.357,99.94,2,99.94,1,99.94,1
2017-12-07 03:21:11.940,99.95,3,99.95,3,99.95,3
2017-12-07 03:23:06.662,99.95,2,99.95,1,99.95,1
2017-12-07 03:24:19.163,99.96,2,99.96,2,99.96,3
2017-12-07 03:24:21.380,99.96,2,99.96,2,99.96,2
2017-12-07 03:26:57.696,99.97,2,99.97,1,99.97,1
2017-12-07 03:28:17.103,99.98,2,99.98,3,99.98,2
2017-12-07 03:32:07.505,100.02,1,100.02,2,100.02,2
2017-12-07 03:32:49.244,100.03,2,100.03,2,100.03,1
2017-12-07 03:32:55.739,100.03,3,100.03,3,100.03,1
2017-12-07 03:34:32.915,100.04,3,100.04,3,100.04,2
2017-12-07 03:34:33.890,100.05,1,100.05,3,100.05,3
2017-12-07 03:37:37.049,100.03,1,100.03,3,100.03,3
2017-12-07 03:38:59.001,100.04,2,100.04,2,100.04,1
2017-12-07 03:40:35.903,100.03,3,100.03,3,100.03,3
2017-12-07 03:41:14.274,100.02,1,100.02,2,100.02,3
2017-12-07 03:47:59.823,100.00,2,100.00,2,100.00,3
2017-12-07 03:48:07.951,100.00,3,100.00,1,100.00,1
2017-12-07 03:49:21.835,100.00,3,100.00,2,100.00,3
2017-12-07 03:54:43.042,100.01,1,100.01,1,100.01,2
2017-12-07 03:58:24.194,100.01,1,100.01,2,100.01,2
2017-12-07 03:59:17.325,100.00,2,100.00,1,100.00,3
2017-12-07 03:59:48.480,100.00,3,100.00,3,100.00,1
2017-12-07 04:02:53.330,99.99,1,99.99,2,99.99,1
2017-12-07 04:06:02.765,100.02,3,100.02,1,100.02,2
2017-12-07 04:09:39.201,100.00,3,100.00,1,100.00,2
2017-12-07 04:10:28.906,100.00,2,100.00,3,100.00,2
2017-12-07 04:11:55.770,100.01,2,100.01,3,100.01,2
2017-12-07 04:16:55.658,99.99,2,99.99,2,99.99,2
2017-12-07 04:17:20.438,99.99,1,99.99,1,99.99,2
2017-12-07 04:24:49.816,100.00,3,100.00,1,100.00,3
2017-12-07 04:25:44.934,100.00,1,100.00,1,100.00,3
2017-12-07 04:26:36.877,100.00,2,100.00,3,100.00,2
2017-12-07 04:26:51.909,99.99,3,99.99,3,99.99,1
2017-12-07 04:26:56.396,99.99,3,99.99,3,99.99,1
2017-12-07 04:27:14.240,100.00,1,100.00,1,100.00,2
2017-12-07 04:28:17.525,99.99,2,99.99,3,99.99,2
2017-12-07 04:28:41.779,99.99,3,99.99,3,99.99,2
2017-12-07 04:29:16.661,99.99,1,99.99,2,99.99,3
2017-12-07 04:29:30.346,100.00,1,100.00,1,100.00,1
2017-12-07 04:29:46.515,100.00,2,100.00,2,100.00,1
2017-12-07 04:30:37.548,100.00,1,100.00,3,100.00,1
2017-12-07 04:32:26.619,99.99,3,99.99,1,99.99,3
2017-12-07 04:33:35.038,100.02,1,100.02,1,100.02,2
2017-12-07 04:37:18.391,100.05,2,100.05,1,100.05,1
2017-12-07 04:37:42.648,100.04,3,100.04,1,100.04,1
2017-12-07 04:39:35.667,100.03,2,100.03,2,100.03,3
2017-12-07 04:39:38.236,100.04,2,100.04,1,100.04,2
2017-12-07 04:45:15.203,100.03,3,100.03,3,100.03,2
2017-12-07 04:45:34.525,100.02,3,100.02,1,100.02,2
2017-12-07 04:45:44.073,100.03,3,100.03,2,100.03,2
2017-12-07 04:46:13.545,100.02,3,100.02,2,100.02,2
2017-12-07 04:46:55.519,100.03,2,100.03,3,100.03,2
2017-12-07 04:47:54.466,100.04,1,100.04,2,100.04,1
2017-12-07 04:48:58.931,100.06,2,100.06,3,100.06,3
2017-12-07 04:57:34.571,100.01,1,100.01,3,100.01,3
2017-12-07 04:57:51.051,100.01,3,100.01,1,100.01,2
2017-12-07 04:58:45.689,100.01,1,100.01,3,100.01,3
2017-12-07 04:59:59.917,100.02,1,100.02,3,100.02,1
2017-12-07 05:00:04.325,100.02,3,100.02,2,100.02,2
2017-12-07 05:04:03.372,100.03,2,100.03,2,100.03,1
2017-12-07 05:05:07.596,100.03,2,100.03,2,100.03,3
2017-12-07 05:05:40.063,100.02,2,100.02,2,100.02,3
2017-12-07 05:07:21.848,100.04,3,100.04,1,100.04,3
2017-12-07 05:11:19.125,100.03,1,100.03,3,100.03,2
2017-12-07 05:13:11.519,100.02,3,100.02,1,100.02,3
2017-12-07 05:16:21.285,100.02,3,100.02,3,100.02,2
2017-12-07 05:16:33.742,100.03,2,100.03,3,100.03,2
2017-12-07 05:19:11.637,100.01,1,100.01,3,100.01,1
2017-12-07 05:20:18.780,100.00,1,100.00,3,100.00,3
2017-12-07 05:21:00.382,100.02,3,100.02,3,100.02,3
2017-12-07 05:22:26.771,100.03,3,100.03,3,100.03,1
2017-12-07 05:23:10.035,100.03,3,100.03,1,100.03,2
2017-12-07 05:24:18.673,100.03,1,100.03,1,100.03,3
2017-12-07 05:24:24.351,100.03,2,100.03,2,100.03,3
2017-12-07 05:27:40.125,100.04,3,100.04,1,100.04,3
2017-12-07 05:30:31.202,100.07,2,100.07,3,100.07,3
2017-12-07 05:32:49.798,100.06,3,100.06,1,100.06,3
2017-12-07 05:34:29.786,100.07,3,100.07,2,100.07,2
2017-12-07 05:35:26.428,100.06,2,100.06,3,100.06,3
2017-12-07 05:38:29.044,100.05,1,100.05,2,100.05,2
2017-12-07 05:39:11.713,100.06,1,100.06,1,100.06,2
2017-12-07 05:39:55.832,100.06,1,100.06,2,100.06,2
2017-12-07 05:40:53.998,100.07,3,100.07,3,100.07,3
2017-12-07 05:43:06.978,100.07,3,100.07,2,100.07,2
2017-12-07 05:43:51.835,100.06,1,100.06,2,100.06,2
2017-12-07 05:45:53.366,100.09,1,100.09,2,100.09,2
2017-12-07 05:46:24.254,100.09,3,100.09,1,100.09,2
2017-12-07 05:49:27.276,100.10,3,100.10,1,100.10,2
2017-12-07 05:50:59.439,100.11,1,100.11,3,100.11,2
2017-12-07 05:52:58.854,100.11,1,100.11,3,100.11,1
2017-12-07 05:53:06.000,100.11,1,100.11,3,100.11,1
2017-12-07 05:53:31.061,100.12,3,100.12,3,100.12,1
2017-12-07 05:55:10.768,100.13,1,100.13,1,100.13,1
2017-12-07 05:56:39.921,100.13,3,100.13,2,100.13,1
2017-12-07 05:57:31.368,100.13,1,100.13,2,100.13,1
2017-12-07 06:00:13.025,100.12,1,100.12,1,100.12,1
2017-12-07 06:00:20.129,100.12,3,100.12,3,100.12,1
2017-12-07 06:02:14.249,100.13,3,100.13,2,100.13,2
2017-12-07 06:03:16.074,100.13,2,100.13,1,100.13,3
2017-12-07 06:09:10.400,100.13,2,100.13,2,100.13,1
2017-12-07 06:09:18.741,100.13,1,100.13,3,100.13,3
2017-12-07 06:10:37.101,100.13,3,100.13,2,100.13,3
2017-12-07 06:13:08.723,100.14,3,100.14,2,100.14,3
2017-12-07 06:17:56.174,100.14,3,100.14,1,100.14,1
2017-12-07 06:20:20.091,100.15,2,100.15,2,100.15,3
2017-12-07 06:20:53.810,100.16,1,100.16,2,100.16,3
2017-12-07 06:22:06.595,100.16,2,100.16,1,100.16,2
2017-12-07 06:22:17.477,100.17,2,100.17,3,100.17,2
2017-12-07 06:24:00.976,100.15,1,100.15,3,100.15,1
2017-12-07 06:24:07.100,100.16,1,100.16,2,100.16,3
2017-12-07 06:24:17.590,100.15,2,100.15,3,100.15,1
2017-12-07 06:24:19.384,100.15,1,100.15,2,100.15,1
2017-12-07 06:24:49.668,100.15,1,100.15,1,100.15,2
2017-12-07 06:27:49.164,100.15,3,100.15,2,100.15,3
2017-12-07 06:28:09.751,100.15,3,100.15,3,100.15,3
2017-12-07 06:28:16.130,100.15,3,100.15,1,100.15,2
2017-12-07 06:30:08.174,100.14,3,100.14,1,100.14,2
2017-12-07 06:31:33.537,100.14,2,100.14,2,100.14,3
2017-12-07 06:32:47.293,100.12,2,100.12,2,100.12,2
2017-12-07 06:35:16.554,100.13,2,100.13,3,100.13,1
2017-12-07 06:35:48.350,100.13,3,100.13,1,100.13,3
2017-12-07 06:37:27.287,100.15,3,100.15,1,100.15,1
2017-12-07 06:37:32.680,100.15,2,100.15,1,100.15,2
2017-12-07 06:38:08.844,100.15,2,100.15,1,100.15,1
2017-12-07 06:38:32.828,100.16,3,100.16,1,100.16,3
2017-12-07 06:38:34.735,100.16,1,100.16,1,100.16,2
2017-12-07 06:39:57.140,100.16,3,100.16,1,100.16,3
2017-12-07 06:40:28.967,100.14,3,100.14,1,100.14,2
2017-12-07 06:41:20.946,100.14,1,100.14,1,100.14,3
2017-12-07 06:44:31.839,100.12,2,100.12,2,100.12,1
2017-12-07 06:46:02.989,100.11,2,100.11,2,100.11,2
2017-12-07 06:46:34.871,100.11,3,100.11,1,100.11,1
2017-12-07 06:47:13.472,100.12,2,100.12,3,100.12,1
2017-12-07 06:48:09.955,100.11,2,100.11,2,100.11,2
2017-12-07 06:50:46.801,100.10,1,100.10,3,100.10,2
2017-12-07 06:52:26.203,100.10,1,100.10,1,100.10,1
2017-12-07 06:56:47.402,100.12,1,100.12,2,100.12,3
2017-12-07 06:57:11.152,100.12,2,100.12,3,100.12,2
2017-12-07 06:59:15.112,100.14,2,100.14,3,100.14,1
2017-12-07 07:02:42.011,100.13,2,100.13,3,100.13,3
2017-12-07 07:06:02.543,100.14,3,100.14,2,100.14,2
2017-12-07 07:07:55.126,100.16,3,100.16,1,100.16,3
2017-12-07 07:08:12.534,100.15,3,100.15,2,100.15,3
2017-12-07 07:08:48.571,100.16,2,100.16,2,100.16,2
2017-12-07 07:10:19.211,100.17,1,100.17,3,100.17,1
2017-12-07 07:12:12.799,100.17,1,100.17,3,100.17,1
2017-12-07 07:12:33.403,100.17,1,100.17,3,100.17,3
2017-12-07 07:15:01.810,100.18,3,100.18,1,100.18,3
2017-12-07 07:15:15.178,100.19,1,100.19,1,100.19,2
2017-12-07 07:15:39.750,100.19,1,100.19,2,100.19,1
2017-12-07 07:15:44.094,100.19,2,100.19,3,100.19,1
2017-12-07 07:15:57.344,100.19,3,100.19,1,100.19,2
2017-12-07 07:17:24.009,100.18,2,100.18,1,100.18,2
2017-12-07 07:18:37.633,100.19,1,100.19,3,100.19,1
2017-12-07 07:18:53.666,100.18,3,100.18,1,100.18,2
2017-12-07 07:20:42.744,100.17,3,100.17,3,100.17,1
2017-12-07 07:21:33.495,100.17,2,100.17,3,100.17,1
2017-12-07 07:22:57.896,100.17,2,100.17,2,100.17,2
2017-12-07 07:23:42.125,100.17,1,100.17,1,100.17,3
2017-12-07 07:23:58.272,100.16,1,100.16,2,100.16,2
2017-12-07 07:24:05.058,100.15,3,100.15,1,100.15,1
2017-12-07 07:28:44.169,100.10,2,100.10,3,100.10,3
2017-12-07 07:30:08.375,100.10,3,100.10,1,100.10,3
2017-12-07 07:30:53.416,100.10,1,100.10,3,100.10,1
2017-12-07 07:31:17.832,100.10,3,100.10,1,100.10,1
2017-12-07 07:31:55.349,100.09,2,100.09,1,100.09,3
2017-12-07 07:32:10.414,100.09,3,100.09,1,100.09,2
2017-12-07 07:35:09.687,100.07,3,100.07,3,100.07,3
2017-12-07 07:36:43.507,100.08,3,100.08,1,100.08,2
2017-12-07 07:44:16.002,100.08,3,100.08,2,100.08,3
2017-12-07 07:44:17.050,100.08,1,100.08,2,100.08,3
2017-12-07 07:45:17.538,100.08,3,100.08,3,100.08,1
2017-12-07 07:46:06.751,100.07,2,100.07,2,100.07,2
2017-12-07 07:52:03.149,100.02,1,100.02,2,100.02,2
2017-12-07 07:53:07.859,100.02,1,100.02,1,100.02,1
2017-12-07 07:53:38.727,100.01,2,100.01,2,100.01,2
2017-12-07 07:54:23.054,100.03,1,100.03,1,100.03,2
2017-12-07 07:55:24.783,100.01,3,100.01,1,100.01,3
2017-12-07 07:57:21.367,100.02,3,100.02,3,100.02,3
2017-12-07 07:57:57.310,100.00,2,100.00,2,100.00,1
2017-12-07 07:58:01.182,100.00,2,100.00,3,100.00,1
2017-12-07 07:58:08.966,100.01,3,100.01,1,100.01,1
2017-12-07 08:03:34.066,99.96,1,99.96,1,99.96,3
2017-12-07 08:09:11.261,99.98,2,99.98,1,99.98,1
2017-12-07 08:11:12.062,99.97,2,99.97,3,99.97,3
2017-12-07 08:12:33.999,99.98,2,99.98,1,99.98,3
2017-12-07 08:13:21.917,99.98,1,99.98,1,99.98,3
2017-12-07 08:16:53.976,99.97,3,99.97,1,99.97,3
2017-12-07 08:17:22.868,99.97,3,99.97,2,99.97,3
2017-12-07 08:18:00.272,99.96,1,99.96,1,99.96,3
2017-12-07 08:18:09.581,99.96,2,99.96,1,99.96,3
2017-12-07 08:19:15.092,99.95,2,99.95,3,99.95,1
2017-12-07 08:21:31.929,99.96,3,99.96,3,99.96,1
2017-12-07 08:30:45.276,99.97,3,99.97,1,99.97,2
2017-12-07 08:32:17.106,99.97,3,99.97,2,99.97,1
2017-12-07 08:34:54.945,99.95,1,99.95,1,99.95,1
2017-12-07 08:37:47.704,99.95,2,99.95,1,99.95,3
2017-12-07 08:40:21.222,99.97,1,99.97,2,99.97,1
2017-12-07 08:42:55.359,99.95,1,99.95,1,99.95,3
2017-12-07 08:43:34.894,99.95,2,99.95,1,99.95,1
2017-12-07 08:44:56.340,99.94,2,99.94,2,99.94,2
2017-12-07 08:49:00.886,99.97,1,99.97,1,99.97,3
2017-12-07 08:50:12.708,99.99,1,99.99,2,99.99,2
2017-12-07 08:52:53.170,100.01,2,100.01,1,100.01,1
2017-12-07 08:54:19.571,100.00,2,100.00,3,100.00,1
2017-12-07 08:54:30.780,100.00,2,100.00,1,100.00,3
2017-12-07 08:55:00.922,100.00,3,100.00,1,100.00,2
2017-12-07 08:56:04.401,99.99,3,99.99,2,99.99,2
2017-12-07 08:56:42.011,99.98,1,99.98,3,99.98,3
2017-12-07 08:58:45.047,99.99,2,99.99,3,99.99,1
2017-12-07 09:00:20.858,99.97,3,99.97,2,99.97,3
2017-12-07 09:00:38.218,99.97,1,99.97,1,99.97,2
2017-12-07 09:00:56.523,99.97,2,99.97,1,99.97,3
2017-12-07 09:02:12.025,99.97,2,99.97,3,99.97,1
2017-12-07 09:06:18.973,99.95,3,99.95,1,99.95,2
2017-12-07 09:07:09.240,99.95,3,99.95,1,99.95,2
2017-12-07 09:09:55.318,99.97,1,99.97,1,99.97,2
2017-12-07 09:14:16.007,99.97,3,99.97,3,99.97,2
2017-12-07 09:14:55.386,99.97,3,99.97,2,99.97,2
2017-12-07 09:17:22.952,99.98,3,99.98,1,99.98,3
2017-12-07 09:19:35.682,99.98,3,99.98,3,99.98,2
2017-12-07 09:21:59.377,99.98,2,99.98,3,99.98,2
2017-12-07 09:22:59.626,99.97,2,99.97,1,99.97,1
2017-12-07 09:27:08.896,99.97,2,99.97,1,99.97,3
2017-12-07 09:27:18.015,99.96,3,99.96,3,99.96,2
2017-12-07 09:29:40.877,99.97,1,99.97,2,99.97,3
2017-12-07 09:31:59.079,99.97,3,99.97,2,99.97,1
2017-12-07 09:32:41.750,99.97,1,99.97,3,99.97,2
2017-12-07 09:36:05.014,99.95,1,99.95,3,99.95,2
2017-12-07 09:38:38.357,99.95,3,99.95,1,99.95,1
2017-12-07 09:40:41.251,99.97,2,99.97,2,99.97,2
2017-12-07 09:41:33.987,100.00,1,100.00,2,100.00,1
2017-12-07 09:43:55.211,100.00,1,100.00,3,100.00,2
2017-12-07 09:43:56.855,100.00,1,100.00,1,100.00,2
2017-12-07 09:44:22.241,100.00,3,100.00,2,100.00,3
2017-12-07 09:44:29.321,100.00,3,100.00,1,100.00,3
2017-12-07 09:44:33.600,99.99,1,99.99,3,99.99,3
2017-12-07 09:45:23.999,99.99,3,99.99,2,99.99,1
2017-12-07 09:47:35.717,99.96,3,99.96,2,99.96,3
2017-12-07 09:47:50.243,99.96,1,99.96,1,99.96,2
2017-12-07 09:48:40.854,99.95,2,99.95,2,99.95,2
2017-12-07 09:50:02.737,99.97,1,99.97,3,99.97,1
2017-12-07 09:50:26.080,99.97,1,99.97,2,99.97,2
2017-12-07 09:50:50.836,99.97,2,99.97,3,99.97,2
2017-12-07 09:51:51.377,99.95,2,99.95,3,99.95,2
2017-12-07 09:52:58.577,99.96,1,99.96,1,99.96,3
2017-12-07 09:54:25.658,99.97,3,99.97,3,99.97,2
2017-12-07 09:55:41.959,99.98,1,99.98,2,99.98,1
2017-12-07 09:57:36.506,99.98,2,99.98,3,99.98,2
2017-12-07 09:57:40.527,99.99,3,99.99,2,99.99,3
2017-12-07 09:59:56.588,99.97,3,99.97,1,99.97,2
2017-12-07 10:00:35.126,99.98,1,99.98,2,99.98,3
2017-12-07 10:03:27.895,99.98,2,99.98,3,99.98,2
2017-12-07 10:03:53.076,99.98,2,99.98,1,99.98,3
2017-12-07 10:07:14.371,99.97,1,99.97,2,99.97,3
2017-12-07 10:07:29.129,99.97,1,99.97,1,99.97,1
2017-12-07 10:07:56.294,99.97,3,99.97,1,99.97,2
2017-12-07 10:09:15.367,99.96,3,99.96,3,99.96,1
2017-12-07 10:10:00.249,99.96,3,99.96,3,99.96,1
2017-12-07 10:16:06.812,99.95,2,99.95,3,99.95,3
2017-12-07 10:17:06.861,99.94,2,99.94,1,99.94,2
2017-12-07 10:18:07.787,99.94,3,99.94,1,99.94,2
2017-12-07 10:18:10.700,99.94,1,99.94,3,99.94,2
2017-12-07 10:18:16.349,99.94,2,99.94,3,99.94,3
2017-12-07 10:19:35.402,99.95,2,99.95,3,99.95,1
2017-12-07 10:20:25.323,99.94,3,99.94,1,99.94,3
2017-12-07 10:21:48.490,99.94,1,99.94,3,99.94,2
2017-12-07 10:23:57.878,99.94,2,99.94,1,99.94,3
2017-12-07 10:25:30.917,99.94,1,99.94,2,99.94,1
2017-12-07 10:26:43.846,99.94,3,99.94,3,99.94,1
2017-12-07 10:26:54.828,99.94,1,99.94,1,99.94,1
2017-12-07 10:27:07.861,99.94,1,99.94,2,99.94,1
2017-12-07 10:30:06.802,99.94,2,99.94,3,99.94,1
2017-12-07 10:33:05.425,99.95,1,99.95,1,99.95,1
2017-12-07 10:35:07.086,99.96,3,99.96,1,99.96,1
2017-12-07 10:36:27.449,99.97,1,99.97,1,99.97,1
2017-12-07 10:36:45.309,99.97,3,99.97,2,99.97,2
2017-12-07 10:37:16.831,99.97,3,99.97,1,99.97,2
2017-12-07 10:38:04.125,99.97,1,99.97,1,99.97,2
2017-12-07 10:39:30.217,99.97,1,99.97,3,99.97,2
2017-12-07 10:39:33.056,99.97,3,99.97,3,99.97,1
2017-12-07 10:40:51.742,99.98,1,99.98,1,99.98,2
2017-12-07 10:43:12.931,100.00,2,100.00,2,100.00,3
2017-12-07 10:43:36.287,100.00,3,100.00,1,100.00,3
2017-12-07 10:49:31.626,100.01,2,100.01,1,100.01,2
2017-12-07 10:50:51.024,100.01,3,100.01,3,100.01,1
2017-12-07 10:51:16.451,100.02,1,100.02,1,100.02,3
2017-12-07 10:51:37.131,100.00,3,100.00,2,100.00,3
2017-12-07 10:52:11.068,100.01,3,100.01,1,100.01,2
2017-12-07 10:52:13.236,100.01,2,100.01,2,100.01,1
2017-12-07 10:54:42.112,99.99,1,99.99,1,99.99,1
2017-12-07 10:56:17.604,99.98,2,99.98,2,99.98,3
2017-12-07 11:02:20.905,99.95,3,99.95,1,99.95,3
2017-12-07 11:03:31.344,99.95,3,99.95,2,99.95,1
2017-12-07 11:04:16.122,99.96,1,99.96,2,99.96,2
2017-12-07 11:06:38.510,99.96,3,99.96,3,99.96,2
2017-12-07 11:07:37.688,99.96,2,99.96,1,99.96,3
2017-12-07 11:08:06.134,99.95,2,99.95,1,99.95,1
2017-12-07 11:10:11.108,99.98,1,99.98,3,99.98,2
2017-12-07 11:10:52.961,99.97,1,99.97,3,99.97,3
2017-12-07 11:11:08.068,99.98,1,99.98,2,99.98,2
2017-12-07 11:14:38.697,99.97,2,99.97,3,99.97,3
2017-12-07 11:15:10.152,99.96,1,99.96,3,99.96,3
2017-12-07 11:20:23.852,99.96,1,99.96,1,99.96,3
2017-12-07 11:20:51.631,99.97,1,99.97,2,99.97,3
2017-12-07 11:22:06.151,99.96,3,99.96,1,99.96,3
2017-12-07 11:28:12.431,99.96,1,99.96,3,99.96,1
2017-12-07 11:30:04.239,99.95,3,99.95,3,99.95,2
2017-12-07 11:30:55.384,99.95,2,99.95,2,99.95,1
2017-12-07 11:34:59.065,99.98,2,99.98,3,99.98,2
2017-12-07 11:35:01.877,99.99,3,99.99,1,99.99,1
2017-12-07 11:36:23.495,100.00,2,100.00,1,100.00,3
2017-12-07 11:38:17.410,100.01,3,100.01,3,100.01,1
2017-12-07 11:44:41.905,100.02,1,100.02,3,100.02,2
2017-12-07 11:45:40.767,100.03,3,100.03,2,100.03,2
2017-12-07 11:46:18.719,100.03,2,100.03,3,100.03,1
2017-12-07 11:46:38.320,100.03,2,100.03,2,100.03,2
2017-12-07 11:47:40.210,100.04,1,100.04,1,100.04,3
2017-12-07 11:48:52.081,100.03,1,100.03,1,100.03,2
2017-12-07 11:49:30.967,100.02,2,100.02,1,100.02,1
2017-12-07 11:49:48.748,100.02,3,100.02,3,100.02,2
2017-12-07 11:49:58.926,100.01,2,100.01,2,100.01,2
2017-12-07 11:50:32.285,100.01,1,100.01,2,100.01,2
2017-12-07 11:54:05.053,100.00,3,100.00,1,100.00,1
2017-12-07 11:54:45.825,100.02,1,100.02,3,100.02,1
2017-12-07 11:57:08.432,100.02,3,100.02,2,100.02,2
2017-12-07 11:57:37.816,100.03,1,100.03,1,100.03,3
2017-12-07 11:59:46.905,100.01,1,100.01,1,100.01,2
2017-12-07 12:00:39.662,100.01,3,100.01,2,100.01,3
2017-12-07 12:01:41.886,100.00,2,100.00,2,100.00,3
2017-12-07 12:02:32.152,100.00,2,100.00,1,100.00,1
2017-12-07 12:06:21.599,100.00,2,100.00,1,100.00,2
2017-12-07 12:07:13.592,100.00,3,100.00,1,100.00,2
2017-12-07 12:07:42.871,100.01,3,100.01,2,100.01,2
2017-12-07 12:09:21.231,100.02,3,100.02,1,100.02,3
2017-12-07 12:11:53.044,100.03,1,100.03,2,100.03,1
2017-12-07 12:12:25.090,100.03,2,100.03,3,100.03,2
2017-12-07 12:15:02.092,100.02,3,100.02,1,100.02,3
2017-12-07 12:15:25.806,100.02,1,100.02,1,100.02,2
2017-12-07 12:20:55.720,100.02,1,100.02,1,100.02,3
2017-12-07 12:21:42.007,100.02,3,100.02,2,100.02,3
2017-12-07 12:32:23.522,100.05,1,100.05,3,100.05,3
2017-12-07 12:34:30.251,100.06,1,100.06,1,100.06,2
2017-12-07 12:35:54.999,100.04,1,100.04,1,100.04,1
2017-12-07 12:36:16.622,100.04,3,100.04,1,100.04,1
2017-12-07 12:36:33.429,100.04,3,100.04,1,100.04,3
2017-12-07 12:37:30.780,100.05,1,100.05,1,100.05,2
2017-12-07 12:37:55.402,100.05,2,100.05,3,100.05,1
2017-12-07 12:38:01.344,100.05,3,100.05,3,100.05,1
2017-12-07 12:38:50.427,100.03,2,100.03,1,100.03,2
2017-12-07 12:45:24.826,100.01,3,100.01,1,100.01,1
2017-12-07 12:48:28.044,99.99,2,99.99,3,99.99,3
2017-12-07 12:50:54.131,99.98,1,99.98,3,99.98,2
2017-12-07 12:51:17.550,99.98,2,99.98,3,99.98,3
2017-12-07 12:53:17.884,99.98,3,99.98,2,99.98,2
2017-12-07 12:54:49.805,99.97,3,99.97,1,99.97,2
2017-12-07 12:56:01.592,99.97,2,99.97,1,99.97,1
2017-12-07 13:02:16.281,99.96,2,99.96,2,99.96,1
2017-12-07 13:04:08.334,99.93,2,99.93,3,99.93,1
2017-12-07 13:07:48.486,99.94,3,99.94,3,99.94,3
2017-12-07 13:07:52.140,99.94,2,99.94,3,99.94,2
2017-12-07 13:10:45.158,99.93,3,99.93,3,99.93,3
2017-12-07 13:14:50.238,99.94,3,99.94,2,99.94,1
2017-12-07 13:16:30.770,99.94,2,99.94,1,99.94,2
2017-12-07 13:16:35.595,99.94,1,99.94,3,99.94,3
2017-12-07 13:16:56.805,99.94,1,99.94,1,99.94,1
2017-12-07 13:17:01.118,99.94,1,99.94,1,99.94,2
2017-12-07 13:18:40.742,99.94,3,99.94,2,99.94,2
2017-12-07 13:20:40.692,99.94,1,99.94,1,99.94,2
2017-12-07 13:22:52.544,99.95,1,99.95,2,99.95,3
2017-12-07 13:23:06.086,99.96,2,99.96,2,99.96,2
2017-12-07 13:23:45.799,99.95,1,99.95,1,99.95,2
2017-12-07 13:25:10.034,99.94,1,99.94,2,99.94,3
2017-12-07 13:25:13.265,99.94,1,99.94,3,99.94,1
2017-12-07 13:25:21.189,99.94,2,99.94,1,99.94,2
2017-12-07 13:26:01.461,99.93,3,99.93,1,99.93,3
2017-12-07 13:31:25.496,99.93,3,99.93,3,99.93,1
2017-12-07 13:31:39.417,99.93,1,99.93,2,99.93,3
2017-12-07 13:31:55.991,99.94,1,99.94,1,99.94,3
2017-12-07 13:35:06.364,99.95,1,99.95,2,99.95,2
2017-12-07 13:37:45.461,99.93,3,99.93,3,99.93,2
2017-12-07 13:38:43.288,99.94,1,99.94,3,99.94,2
2017-12-07 13:40:40.484,99.95,2,99.95,3,99.95,1
2017-12-07 13:40:44.774,99.96,2,99.96,3,99.96,2
2017-12-07 13:47:26.446,99.95,2,99.95,3,99.95,1
2017-12-07 13:47:37.206,99.95,1,99.95,2,99.95,3
2017-12-07 13:49:25.193,99.95,1,99.95,2,99.95,2
2017-12-07 13:49:55.140,99.95,1,99.95,2,99.95,1
2017-12-07 13:52:58.396,99.98,2,99.98,2,99.98,1
2017-12-07 13:56:10.408,99.99,3,99.99,2,99.99,2
2017-12-07 13:56:23.483,99.99,2,99.99,3,99.99,3
2017-12-07 13:57:56.256,99.99,2,99.99,3,99.99,2
2017-12-07 13:58:46.027,99.98,1,99.98,3,99.98,1
2017-12-07 13:59:52.548,100.00,1,100.00,2,100.00,3
2017-12-07 13:59:59.816,100.00,3,100.00,2,100.00,3
2017-12-07 14:00:44.819,100.00,1,100.00,1,100.00,2
2017-12-07 14:02:48.380,100.02,2,100.02,3,100.02,3
2017-12-07 14:02:52.224,100.02,2,100.02,3,100.02,1
2017-12-07 14:04:43.272,100.01,1,100.01,2,100.01,3
2017-12-07 14:04:50.088,100.02,3,100.02,3,100.02,1
2017-12-07 14:05:14.395,100.02,2,100.02,3,100.02,3
2017-12-07 14:05:51.512,100.02,2,100.02,3,100.02,2
2017-12-07 14:06:49.405,100.03,3,100.03,1,100.03,3
2017-12-07 14:09:08.220,100.02,2,100.02,2,100.02,2
2017-12-07 14:09:45.049,100.02,2,100.02,3,100.02,1
2017-12-07 14:11:07.506,100.05,1,100.05,3,100.05,2
2017-12-07 14:13:04.922,100.04,3,100.04,2,100.04,3
2017-12-07 14:14:04.691,100.05,1,100.05,1,100.05,1
2017-12-07 14:18:31.295,100.04,3,100.04,3,100.04,3
2017-12-07 14:22:10.266,100.06,3,100.06,1,100.06,1
2017-12-07 14:22:24.169,100.06,3,100.06,3,100.06,3
2017-12-07 14:26:31.024,100.04,1,100.04,1,100.04,2
2017-12-07 14:27:11.540,100.03,1,100.03,1,100.03,1
2017-12-07 14:30:53.719,100.03,1,100.03,2,100.03,1
2017-12-07 14:32:42.293,100.03,2,100.03,2,100.03,1
2017-12-07 14:35:45.418,99.99,1,99.99,3,99.99,2
2017-12-07 14:37:54.884,99.99,2,99.99,3,99.99,3
2017-12-07 14:38:22.564,99.99,3,99.99,3,99.99,1
2017-12-07 14:39:39.293,99.99,1,99.99,2,99.99,3
2017-12-07 14:40:23.954,100.00,2,100.00,1,100.00,1
2017-12-07 14:41:08.464,100.00,1,100.00,1,100.00,2
2017-12-07 14:41:09.515,100.00,2,100.00,3,100.00,2
2017-12-07 14:41:23.867,100.00,3,100.00,2,100.00,2
2017-12-07 14:42:43.100,100.00,3,100.00,3,100.00,2
2017-12-07 14:42:50.632,100.00,1,100.00,2,100.00,2
2017-12-07 14:43:33.814,99.99,3,99.99,2,99.99,3
2017-12-07 14:44:20.043,99.98,2,99.98,2,99.98,3
2017-12-07 14:45:07.576,99.96,1,99.96,2,99.96,3
2017-12-07 14:45:54.056,99.95,1,99.95,3,99.95,2
2017-12-07 14:48:23.551,99.93,1,99.93,3,99.93,2
2017-12-07 14:49:44.098,99.93,2,99.93,3,99.93,3
2017-12-07 14:50:50.358,99.95,3,99.95,2,99.95,3
2017-12-07 14:51:51.773,99.96,1,99.96,3,99.96,2
2017-12-07 14:52:44.830,99.96,2,99.96,3,99.96,3
2017-12-07 14:53:55.401,99.95,2,99.95,2,99.95,1
2017-12-07 14:54:35.181,99.94,3,99.94,3,99.94,2
2017-12-07 14:54:46.064,99.94,3,99.94,1,99.94,1
2017-12-07 14:58:28.874,99.96,3,99.96,1,99.96,3
2017-12-07 15:01:16.378,99.94,2,99.94,3,99.94,2
2017-12-07 15:01:43.045,99.94,3,99.94,1,99.94,2
2017-12-07 15:01:45.849,99.94,2,99.94,1,99.94,2
2017-12-07 15:02:18.401,99.94,1,99.94,1,99.94,3
2017-12-07 15:03:55.466,99.93,2,99.93,3,99.93,3
2017-12-07 15:07:30.419,99.91,2,99.91,2,99.91,3
2017-12-07 15:08:19.576,99.91,1,99.91,2,99.91,2
2017-12-07 15:08:21.800,99.91,2,99.91,3,99.91,2
2017-12-07 15:11:03.587,99.90,1,99.90,2,99.90,1
2017-12-07 15:12:46.219,99.92,3,99.92,1,99.92,2
2017-12-07 15:13:22.150,99.90,2,99.90,1,99.90,3
2017-12-07 15:15:14.516,99.92,1,99.92,3,99.92,3
2017-12-07 15:18:18.589,99.94,2,99.94,2,99.94,1
2017-12-07 15:19:51.239,99.93,1,99.93,1,99.93,3
2017-12-07 15:21:24.863,99.95,3,99.95,2,99.95,2
2017-12-07 15:23:20.151,99.96,1,99.96,1,99.96,1
2017-12-07 15:25:25.611,99.95,1,99.95,3,99.95,2
2017-12-07 15:27:41.703,99.94,1,99.94,2,99.94,3
2017-12-07 15:29:50.184,99.96,1,99.96,2,99.96,3
2017-12-07 15:31:16.281,99.94,1,99.94,3,99.94,1
2017-12-07 15:33:10.260,99.95,2,99.95,1,99.95,1
2017-12-07 15:33:57.376,99.94,1,99.94,3,99.94,1
2017-12-07 15:34:00.567,99.93,1,99.93,2,99.93,3
2017-12-07 15:35:01.310,99.94,3,99.94,1,99.94,3
2017-12-07 15:36:18.491,99.92,3,99.92,1,99.92,2
2017-12-07 15:36:29.340,99.91,3,99.91,2,99.91,2
2017-12-07 15:37:46.404,99.92,2,99.92,3,99.92,3
2017-12-07 15:37:55.825,99.92,3,99.92,2,99.92,2
2017-12-07 15:37:58.435,99.92,2,99.92,2,99.92,2
2017-12-07 15:38:02.233,99.92,3,99.92,1,99.92,3
2017-12-07 15:39:06.191,99.96,2,99.96,2,99.96,3
2017-12-07 15:39:10.032,99.96,3,99.96,3,99.96,2
2017-12-07 15:40:36.644,99.98,2,99.98,1,99.98,3
2017-12-07 15:42:53.335,99.98,1,99.98,2,99.98,1
2017-12-07 15:43:01.169,99.97,3,99.97,1,99.97,3
2017-12-07 15:43:12.712,99.97,1,99.97,2,99.97,2
2017-12-07 15:44:40.564,99.98,1,99.98,3,99.98,2
2017-12-07 15:48:23.576,99.94,2,99.94,1,99.94,3
2017-12-07 15:48:51.125,99.94,3,99.94,2,99.94,2
2017-12-07 15:51:07.111,99.94,1,99.94,2,99.94,2
2017-12-07 15:52:55.371,99.94,1,99.94,1,99.94,1
2017-12-07 15:56:59.412,99.95,1,99.95,2,99.95,2
2017-12-07 15:59:29.575,99.94,1,99.94,3,99.94,2
2017-12-07 15:59:38.416,99.94,3,99.94,1,99.94,1
2017-12-07 16:01:55.488,99.93,1,99.93,3,99.93,3
2017-12-07 16:08:42.707,99.95,1,99.95,3,99.95,2
2017-12-07 16:08:56.438,99.94,3,99.94,1,99.94,3
2017-12-07 16:10:04.798,99.94,1,99.94,1,99.94,1
2017-12-07 16:12:41.836,99.95,3,99.95,3,99.95,3
2017-12-07 16:12:47.495,99.95,1,99.95,1,99.95,3
2017-12-07 16:14:40.840,99.93,3,99.93,2,99.93,1
2017-12-07 16:14:56.914,99.93,3,99.93,2,99.93,3
2017-12-07 16:15:56.714,99.94,3,99.94,2,99.94,3
2017-12-07 16:16:50.425,99.92,3,99.92,1,99.92,2
2017-12-07 16:18:05.892,99.93,3,99.93,3,99.93,2
2017-12-07 16:18:34.745,99.93,2,99.93,3,99.93,2
2017-12-07 16:18:53.259,99.93,1,99.93,2,99.93,3
2017-12-07 16:19:36.775,99.91,1,99.91,3,99.91,2
2017-12-07 16:20:22.766,99.92,1,99.92,3,99.92,1
2017-12-07 16:20:41.619,99.92,2,99.92,1,99.92,2
2017-12-07 16:21:05.661,99.92,2,99.92,1,99.92,2
2017-12-07 16:21:19.854,99.91,2,99.91,1,99.91,3
2017-12-07 16:22:27.124,99.89,2,99.89,3,99.89,1
2017-12-07 16:23:13.449,99.89,1,99.89,3,99.89,1
2017-12-07 16:24:59.327,99.89,1,99.89,2,99.89,1
2017-12-07 16:25:08.693,99.88,1,99.88,2,99.88,3
2017-12-07 16:26:44.973,99.88,2,99.88,3,99.88,2
2017-12-07 16:27:45.256,99.89,1,99.89,2,99.89,1
2017-12-07 16:28:46.890,99.89,2,99.89,3,99.89,3
2017-12-07 16:33:35.336,99.88,3,99.88,2,99.88,3
2017-12-07 16:33:45.604,99.88,3,99.88,3,99.88,1
2017-12-07 16:34:27.317,99.88,1,99.88,1,99.88,1
2017-12-07 16:38:08.016,99.84,3,99.84,2,99.84,2
2017-12-07 16:39:29.361,99.84,3,99.84,3,99.84,1
2017-12-07 16:41:51.050,99.84,2,99.84,3,99.84,3
2017-12-07 16:42:11.934,99.83,3,99.83,1,99.83,1
2017-12-07 16:43:52.925,99.84,3,99.84,3,99.84,2
2017-12-07 16:45:54.791,99.83,2,99.83,3,99.83,3
2017-12-07 16:47:19.622,99.83,1,99.83,1,99.83,2
2017-12-07 16:49:56.972,99.85,3,99.85,2,99.85,1
2017-12-07 16:51:44.380,99.85,1,99.85,3,99.85,2
2017-12-07 16:52:02.502,99.86,1,99.86,1,99.86,3
2017-12-07 16:53:25.611,99.86,1,99.86,3,99.86,1
2017-12-07 16:54:45.888,99.86,3,99.86,1,99.86,2
2017-12-07 16:55:42.925,99.86,2,99.86,2,99.86,3
2017-12-07 16:56:04.039,99.86,3,99.86,2,99.86,3
2017-12-07 16:56:58.588,99.85,1,99.85,1,99.85,3
2017-12-07 16:59:47.638,99.87,2,99.87,1,99.87,3
2017-12-07 17:03:39.813,99.85,2,99.85,1,99.85,1
2017-12-07 17:04:03.816,99.85,3,99.85,2,99.85,1
2017-12-07 17:08:41.548,99.90,2,99.90,1,99.90,3
2017-12-07 17:09:21.072,99.91,3,99.91,1,99.91,3
2017-12-07 17:10:44.268,99.94,1,99.94,2,99.94,2
2017-12-07 17:11:08.336,99.93,2,99.93,2,99.93,1
2017-12-07 17:11:21.669,99.93,3,99.93,3,99.93,2
2017-12-07 17:16:00.951,99.94,2,99.94,1,99.94,1
2017-12-07 17:16:30.645,99.94,2,99.94,3,99.94,1
2017-12-07 17:18:01.225,99.92,1,99.92,1,99.92,1
2017-12-07 17:19:35.592,99.92,2,99.92,3,99.92,1
2017-12-07 17:21:27.153,99.94,1,99.94,2,99.94,3
2017-12-07 17:24:32.494,99.95,1,99.95,2,99.95,2
2017-12-07 17:26:14.342,99.94,2,99.94,3,99.94,3
2017-12-07 17:27:47.826,99.96,2,99.96,1,99.96,2
2017-12-07 17:28:28.420,99.97,1,99.97,1,99.97,2
2017-12-07 17:28:30.697,99.97,3,99.97,3,99.97,3
2017-12-07 17:29:00.791,99.96,1,99.96,1,99.96,2
2017-12-07 17:29:34.493,99.96,3,99.96,2,99.96,1
2017-12-07 17:29:45.592,99.96,3,99.96,1,99.96,3
2017-12-07 17:34:36.608,99.94,1,99.94,2,99.94,2
2017-12-07 17:39:07.616,99.90,2,99.90,1,99.90,2
2017-12-07 17:39:22.846,99.91,1,99.91,2,99.91,3
2017-12-07 17:39:52.744,99.91,3,99.91,1,99.91,1
2017-12-07 17:40:56.409,99.90,1,99.90,3,99.90,3
2017-12-07 17:41:08.174,99.91,3,99.91,1,99.91,3
2017-12-07 17:43:34.416,99.88,2,99.88,1,99.88,2
2017-12-07 17:43:54.508,99.89,1,99.89,1,99.89,2
2017-12-07 17:44:49.384,99.89,3,99.89,1,99.89,3
2017-12-07 17:45:51.121,99.89,1,99.89,3,99.89,1
2017-12-07 17:46:26.821,99.90,1,99.90,3,99.90,1
2017-12-07 17:48:46.492,99.88,3,99.88,3,99.88,1
2017-12-07 17:49:45.418,99.89,1,99.89,3,99.89,3
2017-12-07 17:53:25.146,99.87,3,99.87,1,99.87,1
2017-12-07 17:53:25.628,99.87,2,99.87,1,99.87,2
2017-12-07 17:54:45.054,99.88,3,99.88,1,99.88,1
2017-12-07 17:55:49.740,99.89,1,99.89,3,99.89,2
2017-12-07 17:58:24.324,99.90,2,99.90,1,99.90,3
2017-12-07 17:59:25.009,99.89,3,99.89,3,99.89,2
2017-12-07 18:00:44.429,99.90,1,99.90,2,99.90,1
2017-12-07 18:01:18.067,99.91,1,99.91,2,99.91,1
2017-12-07 18:01:52.768,99.91,2,99.91,1,99.91,1
2017-12-07 18:06:06.848,99.91,2,99.91,2,99.91,2
2017-12-07 18:08:27.188,99.92,2,99.92,2,99.92,2
2017-12-07 18:09:26.033,99.91,1,99.91,3,99.91,1
2017-12-07 18:09:52.356,99.91,1,99.91,2,99.91,1
2017-12-07 18:10:25.056,99.90,2,99.90,2,99.90,2
2017-12-07 18:12:04.311,99.91,1,99.91,1,99.91,3
2017-12-07 18:19:15.835,99.97,3,99.97,2,99.97,3
2017-12-07 18:19:39.633,99.97,1,99.97,3,99.97,3
2017-12-07 18:20:36.022,99.97,3,99.97,1,99.97,2
2017-12-07 18:24:30.236,100.00,2,100.00,1,100.00,1
2017-12-07 18:28:04.424,99.95,1,99.95,3,99.95,3
2017-12-07 18:28:26.829,99.95,1,99.95,2,99.95,2
2017-12-07 18:29:00.370,99.94,3,99.94,2,99.94,3
2017-12-07 18:29:23.619,99.94,1,99.94,3,99.94,1
2017-12-07 18:29:34.412,99.93,1,99.93,2,99.93,1
2017-12-07 18:30:16.222,99.93,1,99.93,2,99.93,3
2017-12-07 18:32:05.285,99.93,2,99.93,1,99.93,3
2017-12-07 18:32:38.769,99.94,2,99.94,1,99.94,1
2017-12-07 18:32:51.708,99.94,1,99.94,1,99.94,1
2017-12-07 18:37:18.991,99.98,1,99.98,3,99.98,2
2017-12-07 18:37:38.909,99.98,3,99.98,1,99.98,2
2017-12-07 18:38:49.640,99.97,3,99.97,1,99.97,2
2017-12-07 18:39:20.963,99.98,3,99.98,3,99.98,1
2017-12-07 18:39:24.055,99.98,1,99.98,3,99.98,1
2017-12-07 18:40:54.293,99.96,1,99.96,1,99.96,1
2017-12-07 18:41:16.330,99.97,3,99.97,2,99.97,2
2017-12-07 18:45:16.233,99.98,3,99.98,1,99.98,3
2017-12-07 18:46:41.342,99.98,3,99.98,2,99.98,3
2017-12-07 18:52:38.995,99.99,2,99.99,3,99.99,1
2017-12-07 18:52:47.118,100.00,1,100.00,2,100.00,1
2017-12-07 18:56:09.866,99.94,2,99.94,3,99.94,3
2017-12-07 18:57:17.512,99.95,3,99.95,1,99.95,2
2017-12-07 18:57:35.131,99.96,2,99.96,2,99.96,1
2017-12-07 19:01:40.351,99.97,3,99.97,3,99.97,2
2017-12-07 19:01:49.678,99.97,1,99.97,1,99.97,2
2017-12-07 19:02:09.495,99.98,2,99.98,1,99.98,2
2017-12-07 19:04:53.795,99.98,3,99.98,1,99.98,3
2017-12-07 19:05:05.167,99.98,3,99.98,2,99.98,3
2017-12-07 19:11:55.779,99.97,2,99.97,2,99.97,3
2017-12-07 19:17:40.995,99.99,3,99.99,2,99.99,3
2017-12-07 19:19:46.262,100.02,1,100.02,3,100.02,3
2017-12-07 19:20:25.231,100.01,3,100.01,3,100.01,3
2017-12-07 19:21:03.759,100.01,2,100.01,3,100.01,2
2017-12-07 19:24:19.806,100.00,2,100.00,3,100.00,3
2017-12-07 19:25:20.286,100.00,1,100.00,1,100.00,2
2017-12-07 19:25:40.563,100.00,1,100.00,3,100.00,2
2017-12-07 19:26:41.225,100.00,1,100.00,2,100.00,3
2017-12-07 19:26:48.315,100.01,1,100.01,1,100.01,1
2017-12-07 19:28:35.763,100.00,1,100.00,3,100.00,1
2017-12-07 19:29:30.041,99.99,3,99.99,3,99.99,1
2017-12-07 19:30:23.019,99.98,1,99.98,1,99.98,2
2017-12-07 19:32:25.994,99.98,3,99.98,3,99.98,3
2017-12-07 19:32:32.453,99.98,1,99.98,1,99.98,3
2017-12-07 19:34:12.682,99.97,3,99.97,2,99.97,1
2017-12-07 19:34:24.729,99.97,3,99.97,2,99.97,2
2017-12-07 19:36:08.295,99.99,3,99.99,2,99.99,3
2017-12-07 19:37:22.887,100.00,2,100.00,3,100.00,2
2017-12-07 19:37:37.518,99.99,3,99.99,2,99.99,3
2017-12-07 19:38:36.276,99.99,2,99.99,3,99.99,3
2017-12-07 19:39:55.840,100.00,2,100.00,3,100.00,2
2017-12-07 19:41:02.898,100.00,3,100.00,2,100.00,1
2017-12-07 19:43:34.988,100.02,1,100.02,2,100.02,1
2017-12-07 19:47:26.948,100.00,1,100.00,3,100.00,1
2017-12-07 19:49:29.699,100.02,2,100.02,2,100.02,3
2017-12-07 19:52:49.707,100.03,2,100.03,1,100.03,2
2017-12-07 19:53:04.061,100.03,2,100.03,3,100.03,2
2017-12-07 19:55:32.581,100.02,2,100.02,2,100.02,3
2017-12-07 19:57:05.992,100.02,2,100.02,1,100.02,2
2017-12-07 20:00:59.877,100.03,2,100.03,2,100.03,3
2017-12-07 20:03:29.903,100.03,1,100.03,1,100.03,3
2017-12-07 20:05:36.052,100.03,1,100.03,2,100.03,3
2017-12-07 20:07:24.130,100.02,1,100.02,1,100.02,2
2017-12-07 20:08:15.765,100.02,3,100.02,3,100.02,2
2017-12-07 20:10:05.333,100.01,1,100.01,3,100.01,1
2017-12-07 20:11:49.585,100.00,3,100.00,3,100.00,2
2017-12-07 20:12:20.235,99.99,1,99.99,3,99.99,2
2017-12-07 20:13:07.868,99.99,3,99.99,1,99.99,2
2017-12-07 20:15:01.502,99.99,3,99.99,1,99.99,3
2017-12-07 20:15:51.664,99.98,1,99.98,3,99.98,3
2017-12-07 20:16:18.066,99.98,1,99.98,3,99.98,1
2017-12-07 20:17:15.856,99.99,2,99.99,2,99.99,1
2017-12-07 20:18:15.798,99.98,2,99.98,3,99.98,2
2017-12-07 20:19:48.108,99.98,2,99.98,2,99.98,1
2017-12-07 20:20:10.352,99.99,2,99.99,3,99.99,2
2017-12-07 20:21:51.125,99.99,2,99.99,1,99.99,1
2017-12-07 20:22:49.423,100.00,1,100.00,2,100.00,2
2017-12-07 20:24:15.945,100.01,3,100.01,3,100.01,1
2017-12-07 20:24:38.151,100.00,2,100.00,3,100.00,2
2017-12-07 20:24:46.268,100.00,3,100.00,1,100.00,2
2017-12-07 20:25:37.050,100.00,3,100.00,3,100.00,2
2017-12-07 20:26:19.459,99.99,2,99.99,3,99.99,1
2017-12-07 20:26:33.288,99.99,2,99.99,2,99.99,3
2017-12-07 20:27:00.691,99.98,2,99.98,2,99.98,3
2017-12-07 20:28:20.107,99.99,2,99.99,3,99.99,2
2017-12-07 20:31:08.084,100.02,2,100.02,1,100.02,2
2017-12-07 20:32:51.247,100.03,2,100.03,1,100.03,3
2017-12-07 20:36:35.972,100.08,3,100.08,3,100.08,2
2017-12-07 20:36:56.909,100.08,2,100.08,2,100.08,2
2017-12-07 20:38:01.219,100.06,2,100.06,3,100.06,3
2017-12-07 20:39:56.742,100.08,3,100.08,2,100.08,2
2017-12-07 20:40:09.718,100.06,3,100.06,1,100.06,1
2017-12-07 20:42:58.554,100.04,3,100.04,3,100.04,3
2017-12-07 20:45:08.958,100.04,1,100.04,2,100.04,1
2017-12-07 20:48:37.479,100.01,3,100.01,2,100.01,2
2017-12-07 20:49:03.064,100.00,3,100.00,2,100.00,1
2017-12-07 20:49:03.230,100.00,2,100.00,3,100.00,3
2017-12-07 20:49:14.321,100.00,1,100.00,1,100.00,2
2017-12-07 20:51:45.674,99.99,1,99.99,3,99.99,2
2017-12-07 20:52:33.597,100.00,3,100.00,3,100.00,3
2017-12-07 20:52:35.896,100.01,1,100.01,2,100.01,1
2017-12-07 20:56:28.527,100.02,2,100.02,1,100.02,2
2017-12-07 20:56:29.765,100.02,1,100.02,1,100.02,1
2017-12-07 20:56:42.137,100.03,2,100.03,2,100.03,1
2017-12-07 20:57:01.816,100.02,1,100.02,3,100.02,1
2017-12-07 20:58:56.113,100.01,2,100.01,1,100.01,3
2017-12-07 21:01:00.539,100.02,2,100.02,2,100.02,2
2017-12-07 21:01:35.284,100.02,3,100.02,2,100.02,2
2017-12-07 21:03:43.934,100.04,2,100.04,3,100.04,2
2017-12-07 21:04:13.813,100.05,2,100.05,3,100.05,2
2017-12-07 21:05:27.293,100.04,3,100.04,1,100.04,2
2017-12-07 21:06:52.039,100.07,3,100.07,3,100.07,3
2017-12-07 21:07:15.783,100.07,2,100.07,1,100.07,2
2017-12-07 21:11:15.912,100.05,2,100.05,1,100.05,1
2017-12-07 21:11:19.889,100.05,2,100.05,2,100.05,1
2017-12-07 21:14:10.792,100.04,3,100.04,3,100.04,1
2017-12-07 21:14:23.752,100.05,1,100.05,1,100.05,1
2017-12-07 21:25:30.263,100.02,1,100.02,2,100.02,3
2017-12-07 21:26:59.697,100.05,1,100.05,2,100.05,2
2017-12-07 21:27:55.165,100.05,2,100.05,2,100.05,3
2017-12-07 21:28:25.792,100.05,2,100.05,1,100.05,1
2017-12-07 21:28:42.040,100.05,3,100.05,1,100.05,2
2017-12-07 21:32:28.851,100.05,3,100.05,3,100.05,2
2017-12-07 21:33:13.711,100.04,3,100.04,3,100.04,2
2017-12-07 21:33:15.593,100.04,1,100.04,3,100.04,2
2017-12-07 21:34:06.213,100.05,1,100.05,1,100.05,2
2017-12-07 21:34:15.335,100.05,3,100.05,3,100.05,3
2017-12-07 21:35:39.315,100.04,3,100.04,3,100.04,2
2017-12-07 21:36:54.982,100.01,1,100.01,1,100.01,2
2017-12-07 21:42:05.791,100.01,3,100.01,2,100.01,3
2017-12-07 21:42:44.429,100.01,2,100.01,1,100.01,2
2017-12-07 21:46:01.853,100.03,1,100.03,2,100.03,3
2017-12-07 21:47:30.045,100.03,1,100.03,2,100.03,3
2017-12-07 21:48:52.391,100.04,2,100.04,3,100.04,3
2017-12-07 21:49:47.603,100.03,3,100.03,2,100.03,1
2017-12-07 21:53:41.794,100.02,3,100.02,2,100.02,1
2017-12-07 21:54:29.964,100.02,1,100.02,2,100.02,1
2017-12-07 21:54:43.169,100.02,3,100.02,1,100.02,2
2017-12-07 21:56:36.725,100.00,2,100.00,1,100.00,2
2017-12-07 21:57:25.354,100.00,2,100.00,2,100.00,2
2017-12-07 21:57:28.428,100.00,1,100.00,3,100.00,2
2017-12-07 22:00:49.191,100.03,1,100.03,2,100.03,3
2017-12-07 22:02:32.968,100.02,1,100.02,2,100.02,2
2017-12-07 22:04:37.284,100.00,3,100.00,3,100.00,3
2017-12-07 22:04:38.417,100.00,3,100.00,3,100.00,3
2017-12-07 22:04:40.076,100.00,1,100.00,1,100.00,1
2017-12-07 22:05:58.299,100.00,2,100.00,1,100.00,3
2017-12-07 22:09:02.892,100.04,1,100.04,2,100.04,2
2017-12-07 22:09:55.658,100.03,2,100.03,3,100.03,2
2017-12-07 22:11:37.261,100.03,1,100.03,3,100.03,3
2017-12-07 22:12:36.425,100.03,2,100.03,2,100.03,2
2017-12-07 22:14:02.613,100.04,3,100.04,3,100.04,3
2017-12-07 22:14:56.281,100.04,3,100.04,3,100.04,1
2017-12-07 22:16:54.473,100.05,1,100.05,3,100.05,2
2017-12-07 22:17:01.314,100.05,1,100.05,1,100.05,2
2017-12-07 22:18:45.002,100.07,2,100.07,3,100.07,2
2017-12-07 22:19:55.876,100.06,2,100.06,1,100.06,2
2017-12-07 22:20:06.717,100.06,2,100.06,3,100.06,3
2017-12-07 22:20:19.192,100.06,3,100.06,3,100.06,3
2017-12-07 22:20:51.333,100.06,2,100.06,3,100.06,3
2017-12-07 22:20:56.812,100.06,2,100.06,3,100.06,2
2017-12-07 22:21:17.044,100.05,3,100.05,2,100.05,2
2017-12-07 22:21:30.809,100.05,1,100.05,1,100.05,3
2017-12-07 22:21:30.942,100.06,3,100.06,3,100.06,2
2017-12-07 22:23:29.331,100.05,1,100.05,3,100.05,3
2017-12-07 22:25:29.411,100.05,1,100.05,2,100.05,1
2017-12-07 22:25:48.029,100.06,2,100.06,2,100.06,3
2017-12-07 22:25:57.273,100.07,3,100.07,3,100.07,1
2017-12-07 22:27:29.598,100.04,3,100.04,2,100.04,3
2017-12-07 22:29:48.462,100.01,3,100.01,2,100.01,2
2017-12-07 22:30:00.162,100.02,3,100.02,3,100.02,1
2017-12-07 22:32:34.763,100.01,1,100.01,1,100.01,2
2017-12-07 22:35:20.808,100.02,3,100.02,1,100.02,2
2017-12-07 22:35:54.265,100.02,1,100.02,2,100.02,2
2017-12-07 22:39:13.717,100.03,2,100.03,3,100.03,3
2017-12-07 22:41:37.191,100.01,2,100.01,2,100.01,3
2017-12-07 22:44:43.452,100.05,2,100.05,3,100.05,1
2017-12-07 22:47:29.222,100.06,1,100.06,1,100.06,3
2017-12-07 22:49:12.538,100.04,3,100.04,1,100.04,2
2017-12-07 22:51:12.022,100.01,1,100.01,1,100.01,2
2017-12-07 22:51:45.457,100.01,1,100.01,3,100.01,1
2017-12-07 22:53:52.890,100.01,2,100.01,3,100.01,2
2017-12-07 22:54:16.700,100.00,3,100.00,2,100.00,2
2017-12-07 22:55:35.001,100.00,2,100.00,3,100.00,3
2017-12-07 22:55:50.534,100.01,3,100.01,3,100.01,2
2017-12-07 22:56:00.169,100.01,3,100.01,3,100.01,1
2017-12-07 22:57:37.883,100.02,2,100.02,2,100.02,3
2017-12-07 22:57:58.175,100.02,3,100.02,3,100.02,1
2017-12-07 23:00:14.372,100.02,1,100.02,3,100.02,2
2017-12-07 23:02:49.040,100.03,2,100.03,3,100.03,3
2017-12-07 23:03:39.913,100.02,2,100.02,1,100.02,1
2017-12-07 23:04:16.191,100.03,3,100.03,2,100.03,1
2017-12-07 23:05:13.923,100.05,3,100.05,3,100.05,2
2017-12-07 23:07:13.938,100.05,1,100.05,3,100.05,1
2017-12-07 23:10:17.102,100.04,3,100.04,2,100.04,1
2017-12-07 23:15:27.387,99.99,1,99.99,1,99.99,3
2017-12-07 23:16:45.647,99.98,1,99.98,1,99.98,3
2017-12-07 23:19:00.197,99.99,1,99.99,3,99.99,2
2017-12-07 23:20:22.715,99.98,1,99.98,1,99.98,2
2017-12-07 23:21:43.162,99.99,3,99.99,2,99.99,3
2017-12-07 23:22:18.891,99.99,1,99.99,3,99.99,2
2017-12-07 23:26:34.957,99.99,1,99.99,1,99.99,2
2017-12-07 23:30:02.246,100.00,1,100.00,2,100.00,3
2017-12-07 23:32:52.747,99.99,3,99.99,2,99.99,1
2017-12-07 23:32:56.973,99.99,1,99.99,1,99.99,3
2017-12-07 23:33:21.843,99.98,2,99.98,1,99.98,3
2017-12-07 23:33:51.452,99.98,3,99.98,3,99.98,3
2017-12-07 23:35:25.996,100.00,3,100.00,2,100.00,2
2017-12-07 23:37:28.761,100.02,2,100.02,1,100.02,1
2017-12-07 23:40:07.446,99.99,2,99.99,3,99.99,2
2017-12-07 23:41:30.722,100.00,1,100.00,3,100.00,2
2017-12-07 23:43:10.419,100.01,1,100.01,3,100.01,3
2017-12-07 23:44:39.827,99.98,1,99.98,3,99.98,1
2017-12-07 23:46:19.987,99.98,1,99.98,1,99.98,1
2017-12-07 23:49:08.048,99.99,2,99.99,2,99.99,3
2017-12-07 23:51:22.993,100.01,1,100.01,1,100.01,1
2017-12-07 23:51:46.862,100.01,2,100.01,3,100.01,1
2017-12-07 23:52:19.976,100.02,3,100.02,2,100.02,3
