2017-12-08 00:01:59.771,100.01,1,100.01,1,100.01,2
2017-12-08 00:02:54.419,100.01,2,100.01,1,100.01,2
2017-12-08 00:03:13.554,100.02,3,100.02,1,100.02,1
2017-12-08 00:03:46.939,100.03,2,100.03,3,100.03,3
2017-12-08 00:04:22.816,100.02,3,100.02,3,100.02,2
2017-12-08 00:06:13.344,100.00,3,100.00,3,100.00,1
2017-12-08 00:06:15.387,100.00,3,100.00,1,100.00,2
2017-12-08 00:07:07.140,100.01,3,100.01,2,100.01,1
2017-12-08 00:07:13.515,100.01,2,100.01,3,100.01,2
2017-12-08 00:10:58.563,99.97,3,99.97,1,99.97,3
2017-12-08 00:12:19.563,99.98,1,99.98,3,99.98,2
2017-12-08 00:12:46.315,99.99,1,99.99,1,99.99,2
2017-12-08 00:17:00.783,99.96,3,99.96,1,99.96,2
2017-12-08 00:19:54.662,99.98,1,99.98,3,99.98,1
2017-12-08 00:24:24.348,99.94,3,99.94,2,99.94,3
2017-12-08 00:26:08.002,99.95,2,99.95,1,99.95,2
2017-12-08 00:28:32.406,99.94,1,99.94,3,99.94,3
2017-12-08 00:29:59.550,99.94,2,99.94,2,99.94,1
2017-12-08 00:30:49.976,99.95,2,99.95,1,99.95,2
2017-12-08 00:32:44.018,99.95,2,99.95,3,99.95,1
2017-12-08 00:35:58.076,99.94,3,99.94,2,99.94,1
2017-12-08 00:37:15.774,99.94,2,99.94,3,99.94,1
2017-12-08 00:38:35.092,99.93,1,99.93,3,99.93,1
2017-12-08 00:39:53.789,99.94,3,99.94,3,99.94,2
2017-12-08 00:41:12.436,99.96,3,99.96,2,99.96,1
2017-12-08 00:49:01.996,99.90,2,99.90,3,99.90,2
2017-12-08 00:53:27.316,99.90,3,99.90,3,99.90,3
2017-12-08 00:54:39.297,99.88,3,99.88,3,99.88,3
2017-12-08 00:56:19.139,99.88,3,99.88,3,99.88,2
2017-12-08 00:59:35.582,99.87,3,99.87,1,99.87,3
2017-12-08 01:00:11.068,99.87,2,99.87,2,99.87,1
2017-12-08 01:01:47.136,99.88,2,99.88,3,99.88,1
2017-12-08 01:04:42.181,99.85,3,99.85,1,99.85,3
2017-12-08 01:05:01.164,99.85,1,99.85,2,99.85,1
2017-12-08 01:07:06.622,99.88,3,99.88,1,99.88,2
2017-12-08 01:07:07.849,99.87,3,99.87,2,99.87,2
2017-12-08 01:08:23.579,99.90,3,99.90,3,99.90,2
2017-12-08 01:08:36.476,99.90,1,99.90,1,99.90,3
2017-12-08 01:09:40.618,99.92,3,99.92,3,99.92,1
2017-12-08 01:10:52.762,99.91,2,99.91,2,99.91,3
2017-12-08 01:11:11.428,99.92,2,99.92,3,99.92,3
2017-12-08 01:11:26.255,99.93,1,99.93,1,99.93,1
2017-12-08 01:16:20.068,99.92,2,99.92,2,99.92,3
2017-12-08 01:19:41.321,99.89,3,99.89,2,99.89,2
2017-12-08 01:20:45.993,99.89,2,99.89,2,99.89,1
2017-12-08 01:28:12.663,99.85,1,99.85,3,99.85,1
2017-12-08 01:29:12.303,99.84,1,99.84,1,99.84,2
2017-12-08 01:29:31.110,99.84,2,99.84,2,99.84,2
2017-12-08 01:30:21.858,99.85,2,99.85,1,99.85,1
2017-12-08 01:30:28.274,99.85,2,99.85,2,99.85,1
2017-12-08 01:30:38.362,99.85,2,99.85,1,99.85,2
2017-12-08 01:33:32.344,99.86,2,99.86,1,99.86,3
2017-12-08 01:33:52.665,99.86,2,99.86,1,99.86,2
2017-12-08 01:36:11.488,99.87,2,99.87,1,99.87,3
2017-12-08 01:40:57.116,99.89,2,99.89,1,99.89,1
2017-12-08 01:41:06.731,99.89,2,99.89,2,99.89,1
2017-12-08 01:41:07.941,99.89,1,99.89,3,99.89,3
2017-12-08 01:47:53.709,99.89,1,99.89,2,99.89,2
2017-12-08 01:49:36.820,99.88,2,99.88,3,99.88,1
2017-12-08 01:50:05.202,99.89,2,99.89,2,99.89,2
2017-12-08 01:53:37.600,99.89,2,99.89,3,99.89,1
2017-12-08 01:54:53.681,99.88,1,99.88,3,99.88,1
2017-12-08 01:54:55.661,99.88,2,99.88,3,99.88,1
2017-12-08 01:56:14.171,99.85,3,99.85,2,99.85,3
2017-12-08 01:57:21.756,99.83,3,99.83,3,99.83,2
2017-12-08 01:57:50.604,99.83,2,99.83,1,99.83,1
2017-12-08 01:59:37.185,99.82,1,99.82,2,99.82,1
2017-12-08 02:03:20.263,99.80,1,99.80,2,99.80,3
2017-12-08 02:04:25.537,99.81,2,99.81,2,99.81,1
2017-12-08 02:05:07.716,99.81,3,99.81,2,99.81,2
2017-12-08 02:07:45.836,99.84,1,99.84,1,99.84,2
2017-12-08 02:10:25.758,99.82,3,99.82,1,99.82,1
2017-12-08 02:11:36.044,99.82,3,99.82,1,99.82,3
2017-12-08 02:12:15.684,99.83,3,99.83,3,99.83,3
2017-12-08 02:12:38.841,99.82,1,99.82,2,99.82,1
2017-12-08 02:14:26.840,99.84,2,99.84,3,99.84,3
2017-12-08 02:20:43.403,99.84,1,99.84,1,99.84,2
2017-12-08 02:22:32.169,99.84,2,99.84,2,99.84,2
2017-12-08 02:24:51.495,99.83,1,99.83,2,99.83,2
2017-12-08 02:30:17.044,99.84,1,99.84,1,99.84,2
2017-12-08 02:30:39.271,99.84,3,99.84,2,99.84,2
2017-12-08 02:30:50.424,99.83,2,99.83,2,99.83,1
2017-12-08 02:34:40.427,99.81,1,99.81,3,99.81,2
2017-12-08 02:35:11.780,99.80,2,99.80,1,99.80,3
2017-12-08 02:35:24.946,99.80,2,99.80,1,99.80,2
2017-12-08 02:35:43.000,99.80,2,99.80,3,99.80,1
2017-12-08 02:36:11.947,99.80,3,99.80,3,99.80,1
2017-12-08 02:36:18.403,99.80,3,99.80,2,99.80,2
2017-12-08 02:37:37.909,99.77,2,99.77,3,99.77,2
2017-12-08 02:40:38.992,99.78,1,99.78,1,99.78,2
2017-12-08 02:44:46.560,99.79,3,99.79,2,99.79,3
2017-12-08 02:47:13.330,99.77,3,99.77,2,99.77,2
2017-12-08 02:48:10.189,99.77,2,99.77,3,99.77,2
2017-12-08 02:50:13.361,99.77,2,99.77,3,99.77,1
2017-12-08 02:50:44.216,99.77,3,99.77,1,99.77,1
2017-12-08 02:51:18.081,99.76,2,99.76,2,99.76,2
2017-12-08 02:54:09.574,99.73,1,99.73,2,99.73,2
2017-12-08 02:55:09.244,99.72,1,99.72,2,99.72,2
2017-12-08 03:00:33.058,99.71,1,99.71,2,99.71,2
2017-12-08 03:01:04.802,99.71,2,99.71,1,99.71,2
2017-12-08 03:02:34.387,99.68,1,99.68,1,99.68,2
2017-12-08 03:03:56.807,99.68,3,99.68,3,99.68,1
2017-12-08 03:05:14.285,99.67,2,99.67,3,99.67,2
2017-12-08 03:13:03.566,99.65,3,99.65,1,99.65,3
2017-12-08 03:14:06.653,99.65,3,99.65,1,99.65,1
2017-12-08 03:14:25.961,99.66,3,99.66,1,99.66,1
2017-12-08 03:15:17.048,99.67,1,99.67,3,99.67,1
2017-12-08 03:16:42.815,99.68,2,99.68,3,99.68,2
2017-12-08 03:17:03.170,99.68,1,99.68,3,99.68,1
2017-12-08 03:18:43.970,99.67,3,99.67,2,99.67,3
2017-12-08 03:19:53.423,99.64,3,99.64,3,99.64,2
2017-12-08 03:21:13.798,99.64,2,99.64,3,99.64,1
2017-12-08 03:23:03.344,99.64,3,99.64,2,99.64,2
2017-12-08 03:24:35.783,99.64,2,99.64,2,99.64,2
2017-12-08 03:26:34.579,99.62,1,99.62,2,99.62,1
2017-12-08 03:29:39.612,99.60,2,99.60,1,99.60,1
2017-12-08 03:29:44.930,99.60,2,99.60,3,99.60,2
2017-12-08 03:34:59.662,99.61,1,99.61,2,99.61,3
2017-12-08 03:38:38.359,99.65,2,99.65,3,99.65,2
2017-12-08 03:40:03.959,99.62,2,99.62,3,99.62,2
2017-12-08 03:45:09.514,99.59,3,99.59,1,99.59,3
2017-12-08 03:46:02.523,99.59,2,99.59,3,99.59,3
2017-12-08 03:49:44.924,99.58,2,99.58,3,99.58,2
2017-12-08 04:00:35.428,99.62,1,99.62,3,99.62,3
2017-12-08 04:01:36.733,99.62,1,99.62,3,99.62,3
2017-12-08 04:02:13.220,99.62,3,99.62,3,99.62,1
2017-12-08 04:06:38.745,99.64,2,99.64,1,99.64,1
2017-12-08 04:08:56.373,99.62,1,99.62,3,99.62,3
2017-12-08 04:09:07.814,99.63,1,99.63,2,99.63,3
2017-12-08 04:13:24.472,99.62,2,99.62,2,99.62,2
2017-12-08 04:13:44.012,99.61,2,99.61,2,99.61,3
2017-12-08 04:14:34.928,99.59,3,99.59,1,99.59,3
2017-12-08 04:16:23.405,99.61,1,99.61,3,99.61,1
2017-12-08 04:17:41.545,99.61,1,99.61,3,99.61,2
2017-12-08 04:18:47.164,99.60,3,99.60,2,99.60,1
2017-12-08 04:19:27.321,99.60,1,99.60,1,99.60,1
2017-12-08 04:20:23.639,99.59,2,99.59,1,99.59,2
2017-12-08 04:23:34.689,99.61,1,99.61,2,99.61,3
2017-12-08 04:25:01.227,99.61,3,99.61,1,99.61,3
2017-12-08 04:27:22.384,99.63,2,99.63,3,99.63,2
2017-12-08 04:28:19.429,99.64,1,99.64,1,99.64,3
2017-12-08 04:28:26.841,99.64,1,99.64,2,99.64,2
2017-12-08 04:29:14.738,99.63,2,99.63,2,99.63,3
2017-12-08 04:29:19.719,99.63,1,99.63,1,99.63,1
2017-12-08 04:30:32.482,99.65,3,99.65,2,99.65,2
2017-12-08 04:30:45.288,99.65,2,99.65,2,99.65,3
2017-12-08 04:33:58.001,99.65,2,99.65,3,99.65,2
2017-12-08 04:34:51.793,99.65,3,99.65,3,99.65,2
2017-12-08 04:36:48.249,99.66,1,99.66,2,99.66,2
2017-12-08 04:38:02.103,99.66,2,99.66,3,99.66,3
2017-12-08 04:39:58.794,99.65,2,99.65,1,99.65,2
2017-12-08 04:41:03.958,99.67,3,99.67,2,99.67,1
2017-12-08 04:42:17.442,99.65,2,99.65,3,99.65,1
2017-12-08 04:46:15.174,99.67,3,99.67,3,99.67,2
2017-12-08 04:50:38.061,99.70,3,99.70,1,99.70,2
2017-12-08 04:50:53.581,99.71,3,99.71,3,99.71,2
2017-12-08 04:54:45.754,99.77,3,99.77,1,99.77,2
2017-12-08 04:54:46.711,99.77,3,99.77,2,99.77,3
2017-12-08 04:56:59.139,99.79,1,99.79,2,99.79,2
2017-12-08 04:57:54.326,99.79,1,99.79,3,99.79,3
2017-12-08 04:59:21.690,99.79,3,99.79,2,99.79,1
2017-12-08 05:01:58.713,99.77,2,99.77,2,99.77,3
2017-12-08 05:03:02.900,99.76,3,99.76,3,99.76,2
2017-12-08 05:07:27.802,99.79,2,99.79,2,99.79,2
2017-12-08 05:10:02.612,99.81,2,99.81,2,99.81,1
2017-12-08 05:11:59.366,99.78,1,99.78,3,99.78,3
2017-12-08 05:13:15.006,99.80,2,99.80,3,99.80,1
2017-12-08 05:17:56.778,99.78,2,99.78,1,99.78,3
2017-12-08 05:19:16.604,99.77,3,99.77,1,99.77,3
2017-12-08 05:19:35.562,99.78,1,99.78,3,99.78,2
2017-12-08 05:21:02.350,99.78,1,99.78,1,99.78,3
2017-12-08 05:24:18.558,99.78,1,99.78,2,99.78,2
2017-12-08 05:27:59.099,99.76,2,99.76,2,99.76,2
2017-12-08 05:28:55.900,99.75,2,99.75,3,99.75,2
2017-12-08 05:29:04.189,99.76,2,99.76,2,99.76,1
2017-12-08 05:29:50.361,99.76,3,99.76,2,99.76,1
2017-12-08 05:31:17.421,99.74,3,99.74,3,99.74,2
2017-12-08 05:33:38.321,99.73,2,99.73,2,99.73,3
2017-12-08 05:34:06.587,99.74,1,99.74,1,99.74,1
2017-12-08 05:36:13.933,99.75,3,99.75,3,99.75,2
2017-12-08 05:36:35.631,99.75,2,99.75,2,99.75,1
2017-12-08 05:38:22.548,99.75,2,99.75,2,99.75,3
2017-12-08 05:42:00.783,99.75,1,99.75,3,99.75,2
2017-12-08 05:42:23.504,99.75,2,99.75,1,99.75,2
2017-12-08 05:43:31.859,99.75,3,99.75,2,99.75,2
2017-12-08 05:46:49.789,99.76,2,99.76,3,99.76,2
2017-12-08 05:47:06.654,99.76,3,99.76,1,99.76,2
2017-12-08 05:49:24.143,99.76,2,99.76,3,99.76,3
2017-12-08 05:51:11.257,99.80,2,99.80,2,99.80,3
2017-12-08 05:52:34.673,99.80,2,99.80,1,99.80,3
2017-12-08 05:52:40.196,99.80,2,99.80,1,99.80,2
2017-12-08 05:52:51.660,99.80,1,99.80,2,99.80,3
2017-12-08 05:56:22.066,99.80,3,99.80,1,99.80,2
2017-12-08 05:58:21.618,99.81,3,99.81,1,99.81,1
2017-12-08 06:01:11.954,99.80,3,99.80,3,99.80,2
2017-12-08 06:02:59.817,99.80,1,99.80,2,99.80,3
2017-12-08 06:07:04.345,99.77,2,99.77,3,99.77,2
2017-12-08 06:07:56.981,99.78,3,99.78,2,99.78,2
2017-12-08 06:10:18.053,99.76,3,99.76,2,99.76,3
2017-12-08 06:11:09.792,99.77,2,99.77,3,99.77,1
2017-12-08 06:12:38.106,99.76,3,99.76,3,99.76,2
2017-12-08 06:13:49.426,99.77,1,99.77,2,99.77,2
2017-12-08 06:14:55.196,99.74,3,99.74,2,99.74,1
2017-12-08 06:15:41.518,99.76,1,99.76,2,99.76,2
2017-12-08 06:15:51.249,99.75,1,99.75,1,99.75,2
2017-12-08 06:17:59.134,99.74,1,99.74,3,99.74,3
2017-12-08 06:18:31.832,99.74,1,99.74,1,99.74,2
2017-12-08 06:19:50.435,99.72,2,99.72,1,99.72,3
2017-12-08 06:21:33.166,99.71,2,99.71,1,99.71,2
2017-12-08 06:23:34.115,99.73,1,99.73,1,99.73,2
2017-12-08 06:25:11.619,99.72,3,99.72,1,99.72,2
2017-12-08 06:28:14.653,99.73,1,99.73,1,99.73,3
2017-12-08 06:30:26.586,99.75,1,99.75,3,99.75,3
2017-12-08 06:31:15.125,99.77,2,99.77,3,99.77,2
2017-12-08 06:32:55.255,99.75,3,99.75,1,99.75,1
2017-12-08 06:34:58.007,99.73,1,99.73,2,99.73,1
2017-12-08 06:35:47.455,99.73,3,99.73,2,99.73,2
2017-12-08 06:35:54.783,99.73,1,99.73,2,99.73,3
2017-12-08 06:35:56.303,99.73,3,99.73,1,99.73,1
2017-12-08 06:36:21.485,99.73,1,99.73,2,99.73,3
2017-12-08 06:38:10.055,99.73,3,99.73,3,99.73,2
2017-12-08 06:40:17.164,99.74,3,99.74,3,99.74,3
2017-12-08 06:43:58.232,99.75,3,99.75,1,99.75,1
2017-12-08 06:44:14.524,99.75,3,99.75,3,99.75,2
2017-12-08 06:45:11.222,99.74,3,99.74,1,99.74,1
2017-12-08 06:46:32.199,99.74,2,99.74,3,99.74,2
2017-12-08 06:48:03.624,99.74,2,99.74,1,99.74,3
2017-12-08 06:49:00.962,99.75,1,99.75,2,99.75,2
2017-12-08 06:51:06.635,99.75,2,99.75,2,99.75,2
2017-12-08 06:51:28.266,99.76,1,99.76,1,99.76,2
2017-12-08 06:52:14.418,99.76,2,99.76,2,99.76,2
2017-12-08 06:58:27.579,99.75,2,99.75,3,99.75,2
2017-12-08 07:00:26.403,99.76,2,99.76,1,99.76,1
2017-12-08 07:00:47.702,99.76,2,99.76,2,99.76,3
2017-12-08 07:01:17.469,99.76,1,99.76,2,99.76,2
2017-12-08 07:01:30.558,99.77,3,99.77,2,99.77,3
2017-12-08 07:02:17.224,99.79,2,99.79,2,99.79,3
2017-12-08 07:03:04.480,99.78,2,99.78,2,99.78,2
2017-12-08 07:05:53.609,99.78,2,99.78,3,99.78,3
2017-12-08 07:10:43.230,99.77,3,99.77,3,99.77,2
2017-12-08 07:11:01.327,99.78,1,99.78,3,99.78,2
2017-12-08 07:12:41.018,99.78,1,99.78,2,99.78,3
2017-12-08 07:13:25.179,99.78,2,99.78,1,99.78,2
2017-12-08 07:14:37.078,99.80,1,99.80,1,99.80,2
2017-12-08 07:15:19.501,99.79,1,99.79,1,99.79,1
2017-12-08 07:15:52.251,99.79,3,99.79,2,99.79,2
2017-12-08 07:17:43.285,99.80,2,99.80,1,99.80,3
2017-12-08 07:17:46.538,99.80,3,99.80,3,99.80,2
2017-12-08 07:18:33.483,99.80,2,99.80,3,99.80,1
2017-12-08 07:20:25.369,99.81,1,99.81,2,99.81,3
2017-12-08 07:20:39.356,99.80,2,99.80,2,99.80,2
2017-12-08 07:24:00.734,99.81,3,99.81,3,99.81,3
2017-12-08 07:24:23.056,99.82,1,99.82,1,99.82,3
2017-12-08 07:27:24.809,99.84,2,99.84,1,99.84,1
2017-12-08 07:28:59.909,99.85,2,99.85,3,99.85,1
2017-12-08 07:29:43.010,99.85,1,99.85,2,99.85,3
2017-12-08 07:31:09.853,99.83,3,99.83,3,99.83,1
2017-12-08 07:34:22.895,99.82,3,99.82,1,99.82,1
2017-12-08 07:36:09.724,99.81,1,99.81,1,99.81,2
2017-12-08 07:36:27.882,99.81,1,99.81,2,99.81,3
2017-12-08 07:37:30.810,99.81,3,99.81,3,99.81,2
2017-12-08 07:42:08.094,99.84,2,99.84,3,99.84,2
2017-12-08 07:43:23.025,99.84,2,99.84,1,99.84,2
2017-12-08 07:44:27.652,99.83,1,99.83,1,99.83,3
2017-12-08 07:47:24.204,99.81,1,99.81,3,99.81,3
2017-12-08 07:49:15.824,99.79,2,99.79,2,99.79,1
2017-12-08 07:51:59.287,99.79,1,99.79,3,99.79,3
2017-12-08 07:55:47.651,99.78,2,99.78,3,99.78,1
2017-12-08 07:57:28.018,99.78,3,99.78,2,99.78,2
2017-12-08 07:59:02.864,99.78,2,99.78,1,99.78,2
2017-12-08 08:01:43.240,99.77,1,99.77,3,99.77,2
2017-12-08 08:05:09.138,99.81,1,99.81,1,99.81,3
2017-12-08 08:05:34.524,99.80,3,99.80,1,99.80,3
2017-12-08 08:06:10.331,99.81,1,99.81,2,99.81,2
2017-12-08 08:07:07.962,99.81,1,99.81,1,99.81,2
2017-12-08 08:07:46.722,99.82,2,99.82,2,99.82,1
2017-12-08 08:12:28.068,99.83,1,99.83,2,99.83,1
2017-12-08 08:14:27.328,99.82,3,99.82,1,99.82,1
2017-12-08 08:14:55.304,99.82,1,99.82,3,99.82,2
2017-12-08 08:15:51.008,99.84,3,99.84,1,99.84,3
2017-12-08 08:15:55.793,99.84,1,99.84,3,99.84,3
2017-12-08 08:18:27.784,99.83,3,99.83,2,99.83,1
2017-12-08 08:18:56.743,99.83,1,99.83,1,99.83,1
2017-12-08 08:19:22.358,99.85,2,99.85,2,99.85,3
2017-12-08 08:22:05.568,99.82,2,99.82,3,99.82,2
2017-12-08 08:22:35.729,99.81,3,99.81,1,99.81,3
2017-12-08 08:24:44.171,99.80,2,99.80,2,99.80,1
2017-12-08 08:24:56.230,99.81,3,99.81,1,99.81,3
2017-12-08 08:24:58.166,99.81,1,99.81,2,99.81,2
2017-12-08 08:29:58.811,99.80,2,99.80,2,99.80,1
2017-12-08 08:30:47.555,99.80,2,99.80,1,99.80,3
2017-12-08 08:36:40.671,99.83,1,99.83,1,99.83,2
2017-12-08 08:36:52.484,99.83,1,99.83,1,99.83,1
2017-12-08 08:37:42.416,99.82,3,99.82,3,99.82,3
2017-12-08 08:38:20.002,99.82,1,99.82,1,99.82,3
2017-12-08 08:38:49.252,99.82,3,99.82,3,99.82,2
2017-12-08 08:39:11.973,99.82,3,99.82,3,99.82,2
2017-12-08 08:40:22.134,99.82,3,99.82,3,99.82,1
2017-12-08 08:40:42.575,99.82,2,99.82,3,99.82,3
2017-12-08 08:44:49.603,99.79,1,99.79,2,99.79,2
2017-12-08 08:45:53.264,99.75,3,99.75,1,99.75,3
2017-12-08 08:48:18.971,99.74,2,99.74,3,99.74,3
2017-12-08 08:50:26.664,99.73,3,99.73,2,99.73,1
2017-12-08 08:52:44.760,99.71,2,99.71,1,99.71,1
2017-12-08 08:55:12.631,99.68,1,99.68,2,99.68,3
2017-12-08 08:59:06.366,99.69,2,99.69,2,99.69,1
2017-12-08 09:00:45.221,99.68,3,99.68,2,99.68,3
2017-12-08 09:01:09.310,99.68,1,99.68,2,99.68,1
2017-12-08 09:02:16.668,99.68,3,99.68,1,99.68,1
2017-12-08 09:02:51.932,99.67,3,99.67,1,99.67,3
2017-12-08 09:03:15.534,99.66,1,99.66,1,99.66,1
2017-12-08 09:04:49.549,99.64,3,99.64,3,99.64,3
2017-12-08 09:06:05.449,99.65,3,99.65,2,99.65,1
2017-12-08 09:06:57.106,99.65,3,99.65,2,99.65,1
2017-12-08 09:07:00.481,99.65,2,99.65,2,99.65,2
2017-12-08 09:08:14.431,99.66,2,99.66,1,99.66,2
2017-12-08 09:08:24.639,99.66,2,99.66,3,99.66,2
2017-12-08 09:12:56.071,99.65,2,99.65,2,99.65,2
2017-12-08 09:16:03.838,99.64,2,99.64,2,99.64,2
2017-12-08 09:16:04.548,99.64,3,99.64,2,99.64,2
2017-12-08 09:16:21.922,99.64,3,99.64,2,99.64,2
2017-12-08 09:16:44.874,99.64,3,99.64,2,99.64,2
2017-12-08 09:19:31.419,99.66,2,99.66,1,99.66,2
2017-12-08 09:21:18.766,99.65,3,99.65,3,99.65,1
2017-12-08 09:21:45.698,99.65,2,99.65,1,99.65,3
2017-12-08 09:21:50.959,99.65,2,99.65,3,99.65,1
2017-12-08 09:23:58.230,99.66,1,99.66,3,99.66,3
2017-12-08 09:24:58.887,99.66,3,99.66,1,99.66,2
2017-12-08 09:25:30.331,99.66,1,99.66,2,99.66,3
2017-12-08 09:27:58.029,99.68,2,99.68,1,99.68,1
2017-12-08 09:31:38.889,99.68,2,99.68,2,99.68,1
2017-12-08 09:32:17.636,99.68,2,99.68,1,99.68,2
2017-12-08 09:33:54.314,99.68,1,99.68,2,99.68,3
2017-12-08 09:34:21.331,99.68,2,99.68,2,99.68,3
2017-12-08 09:34:45.604,99.68,3,99.68,2,99.68,2
2017-12-08 09:37:05.411,99.68,2,99.68,2,99.68,2
2017-12-08 09:37:41.173,99.68,1,99.68,2,99.68,3
2017-12-08 09:38:22.475,99.68,1,99.68,3,99.68,1
2017-12-08 09:38:36.005,99.69,1,99.69,1,99.69,3
2017-12-08 09:38:50.111,99.69,1,99.69,3,99.69,2
2017-12-08 09:40:25.329,99.69,1,99.69,3,99.69,1
2017-12-08 09:41:42.516,99.71,3,99.71,1,99.71,3
2017-12-08 09:42:12.877,99.72,1,99.72,2,99.72,2
2017-12-08 09:43:55.804,99.73,2,99.73,1,99.73,2
2017-12-08 09:44:01.069,99.73,3,99.73,2,99.73,3
2017-12-08 09:44:12.328,99.73,2,99.73,3,99.73,3
2017-12-08 09:44:41.973,99.74,2,99.74,2,99.74,1
2017-12-08 09:44:54.890,99.73,3,99.73,2,99.73,2
2017-12-08 09:45:29.529,99.74,3,99.74,1,99.74,3
2017-12-08 09:46:02.607,99.73,2,99.73,3,99.73,3
2017-12-08 09:48:21.034,99.70,1,99.70,1,99.70,2
2017-12-08 09:48:56.253,99.69,2,99.69,2,99.69,3
2017-12-08 09:50:48.190,99.71,2,99.71,2,99.71,2
2017-12-08 09:51:20.516,99.71,3,99.71,2,99.71,1
2017-12-08 09:51:45.201,99.71,3,99.71,2,99.71,1
2017-12-08 09:51:48.042,99.71,3,99.71,3,99.71,3
2017-12-08 09:52:44.910,99.69,2,99.69,1,99.69,1
2017-12-08 09:53:44.499,99.68,3,99.68,1,99.68,3
2017-12-08 09:53:45.955,99.68,3,99.68,1,99.68,1
2017-12-08 09:56:13.279,99.69,2,99.69,3,99.69,1
2017-12-08 10:01:02.995,99.71,2,99.71,3,99.71,2
2017-12-08 10:02:20.042,99.70,1,99.70,3,99.70,2
2017-12-08 10:02:34.784,99.70,3,99.70,3,99.70,2
2017-12-08 10:06:19.349,99.71,2,99.71,2,99.71,3
2017-12-08 10:06:43.861,99.70,1,99.70,3,99.70,1
2017-12-08 10:08:36.015,99.69,1,99.69,1,99.69,1
2017-12-08 10:10:57.634,99.70,2,99.70,2,99.70,2
2017-12-08 10:11:12.588,99.71,2,99.71,2,99.71,2
2017-12-08 10:11:59.414,99.72,2,99.72,2,99.72,2
2017-12-08 10:12:56.693,99.73,1,99.73,3,99.73,1
2017-12-08 10:14:25.257,99.72,2,99.72,3,99.72,3
2017-12-08 10:15:59.352,99.72,2,99.72,2,99.72,3
2017-12-08 10:18:03.801,99.73,2,99.73,3,99.73,2
2017-12-08 10:18:12.527,99.73,3,99.73,1,99.73,2
2017-12-08 10:19:10.508,99.72,1,99.72,3,99.72,1
2017-12-08 10:20:23.009,99.72,3,99.72,1,99.72,2
2017-12-08 10:22:40.775,99.72,2,99.72,3,99.72,2
2017-12-08 10:25:07.600,99.73,1,99.73,2,99.73,3
2017-12-08 10:25:11.434,99.73,3,99.73,1,99.73,1
2017-12-08 10:25:47.321,99.73,1,99.73,2,99.73,3
2017-12-08 10:26:07.438,99.73,2,99.73,2,99.73,2
2017-12-08 10:29:25.603,99.75,1,99.75,3,99.75,1
2017-12-08 10:32:45.306,99.76,1,99.76,2,99.76,2
2017-12-08 10:33:20.714,99.76,1,99.76,1,99.76,3
2017-12-08 10:34:27.024,99.72,1,99.72,3,99.72,1
2017-12-08 10:34:31.272,99.72,3,99.72,2,99.72,1
2017-12-08 10:34:50.956,99.72,1,99.72,2,99.72,1
2017-12-08 10:36:21.886,99.72,1,99.72,1,99.72,2
2017-12-08 10:38:19.017,99.70,2,99.70,1,99.70,1
2017-12-08 10:44:32.235,99.68,1,99.68,2,99.68,1
2017-12-08 10:45:27.476,99.67,2,99.67,3,99.67,2
2017-12-08 10:46:34.116,99.66,3,99.66,1,99.66,1
2017-12-08 10:46:36.175,99.66,3,99.66,2,99.66,3
2017-12-08 10:47:37.954,99.67,3,99.67,3,99.67,1
2017-12-08 10:48:30.469,99.67,3,99.67,2,99.67,1
2017-12-08 10:49:52.564,99.68,3,99.68,1,99.68,1
2017-12-08 10:50:11.965,99.67,2,99.67,1,99.67,2
2017-12-08 10:50:37.182,99.68,3,99.68,2,99.68,1
2017-12-08 10:51:14.025,99.69,2,99.69,1,99.69,2
2017-12-08 10:54:43.942,99.69,3,99.69,3,99.69,2
2017-12-08 10:56:42.266,99.68,3,99.68,1,99.68,2
2017-12-08 11:01:22.459,99.65,1,99.65,2,99.65,2
2017-12-08 11:02:55.591,99.64,3,99.64,3,99.64,3
2017-12-08 11:04:11.012,99.64,3,99.64,3,99.64,2
2017-12-08 11:06:33.836,99.65,3,99.65,3,99.65,3
2017-12-08 11:08:11.371,99.67,2,99.67,3,99.67,3
2017-12-08 11:09:01.432,99.66,2,99.66,1,99.66,1
2017-12-08 11:09:17.967,99.67,2,99.67,3,99.67,3
2017-12-08 11:10:16.415,99.67,3,99.67,3,99.67,2
2017-12-08 11:13:11.274,99.68,1,99.68,3,99.68,1
2017-12-08 11:13:22.412,99.69,3,99.69,1,99.69,1
2017-12-08 11:14:32.458,99.71,2,99.71,2,99.71,1
2017-12-08 11:15:37.944,99.71,3,99.71,3,99.71,1
2017-12-08 11:16:33.902,99.69,1,99.69,1,99.69,1
2017-12-08 11:19:42.664,99.68,1,99.68,3,99.68,3
2017-12-08 11:20:05.519,99.67,3,99.67,1,99.67,3
2017-12-08 11:21:58.850,99.66,1,99.66,3,99.66,3
2017-12-08 11:22:29.373,99.66,1,99.66,3,99.66,1
2017-12-08 11:23:42.311,99.65,2,99.65,3,99.65,1
2017-12-08 11:25:13.919,99.65,2,99.65,2,99.65,2
2017-12-08 11:25:37.369,99.67,3,99.67,2,99.67,3
2017-12-08 11:27:20.113,99.66,3,99.66,3,99.66,3
2017-12-08 11:30:05.026,99.65,3,99.65,1,99.65,2
2017-12-08 11:33:19.281,99.66,3,99.66,3,99.66,1
2017-12-08 11:36:26.808,99.65,2,99.65,1,99.65,1
2017-12-08 11:38:35.170,99.64,1,99.64,1,99.64,3
2017-12-08 11:39:29.843,99.65,3,99.65,1,99.65,3
2017-12-08 11:46:07.309,99.65,3,99.65,2,99.65,3
2017-12-08 11:46:37.617,99.65,2,99.65,3,99.65,1
2017-12-08 11:46:59.989,99.66,2,99.66,3,99.66,1
2017-12-08 11:47:25.606,99.67,1,99.67,1,99.67,2
2017-12-08 11:48:39.716,99.68,2,99.68,1,99.68,3
2017-12-08 11:50:44.318,99.68,3,99.68,2,99.68,2
2017-12-08 11:51:01.076,99.68,1,99.68,3,99.68,1
2017-12-08 11:54:33.709,99.70,3,99.70,2,99.70,3
2017-12-08 11:55:32.129,99.71,1,99.71,3,99.71,2
2017-12-08 11:56:49.754,99.73,3,99.73,1,99.73,1
2017-12-08 11:57:14.430,99.73,2,99.73,1,99.73,2
2017-12-08 11:57:43.585,99.73,2,99.73,3,99.73,1
2017-12-08 11:59:42.859,99.73,2,99.73,2,99.73,1
2017-12-08 12:03:41.043,99.71,2,99.71,1,99.71,3
2017-12-08 12:05:31.418,99.75,3,99.75,3,99.75,1
2017-12-08 12:05:35.940,99.75,2,99.75,3,99.75,3
2017-12-08 12:06:49.666,99.75,3,99.75,3,99.75,1
2017-12-08 12:07:20.576,99.74,2,99.74,2,99.74,2
2017-12-08 12:07:21.528,99.74,3,99.74,3,99.74,1
2017-12-08 12:09:32.130,99.77,3,99.77,1,99.77,1
2017-12-08 12:10:57.705,99.78,2,99.78,3,99.78,2
2017-12-08 12:13:29.368,99.76,1,99.76,2,99.76,2
2017-12-08 12:14:49.562,99.77,3,99.77,1,99.77,3
2017-12-08 12:16:09.362,99.79,3,99.79,3,99.79,3
2017-12-08 12:16:25.680,99.79,3,99.79,1,99.79,1
2017-12-08 12:24:45.980,99.80,2,99.80,3,99.80,3
2017-12-08 12:28:17.007,99.79,3,99.79,1,99.79,1
2017-12-08 12:28:48.337,99.80,2,99.80,3,99.80,2
2017-12-08 12:30:46.117,99.81,1,99.81,3,99.81,1
2017-12-08 12:31:59.716,99.81,2,99.81,1,99.81,3
2017-12-08 12:33:04.692,99.81,1,99.81,3,99.81,2
2017-12-08 12:33:15.538,99.81,3,99.81,3,99.81,1
2017-12-08 12:42:49.235,99.78,3,99.78,3,99.78,1
2017-12-08 12:42:51.027,99.78,2,99.78,2,99.78,3
2017-12-08 12:44:59.311,99.77,2,99.77,2,99.77,3
2017-12-08 12:52:01.021,99.78,1,99.78,1,99.78,2
2017-12-08 12:54:31.251,99.79,3,99.79,1,99.79,2
2017-12-08 12:55:17.535,99.78,2,99.78,2,99.78,3
2017-12-08 12:55:29.706,99.79,2,99.79,3,99.79,1
2017-12-08 12:58:58.280,99.79,3,99.79,1,99.79,1
2017-12-08 13:03:03.678,99.80,1,99.80,2,99.80,2
2017-12-08 13:07:11.697,99.81,3,99.81,1,99.81,3
2017-12-08 13:09:00.736,99.78,1,99.78,2,99.78,2
2017-12-08 13:09:50.003,99.78,2,99.78,3,99.78,3
2017-12-08 13:10:16.471,99.79,2,99.79,3,99.79,1
2017-12-08 13:11:32.130,99.79,2,99.79,2,99.79,3
2017-12-08 13:13:52.649,99.84,3,99.84,1,99.84,1
2017-12-08 13:14:58.245,99.85,1,99.85,3,99.85,2
2017-12-08 13:15:43.745,99.85,1,99.85,3,99.85,3
2017-12-08 13:16:44.182,99.85,2,99.85,2,99.85,1
2017-12-08 13:17:16.681,99.84,3,99.84,2,99.84,1
2017-12-08 13:20:36.435,99.81,3,99.81,2,99.81,2
2017-12-08 13:21:48.430,99.81,3,99.81,3,99.81,3
2017-12-08 13:22:04.136,99.82,3,99.82,2,99.82,2
2017-12-08 13:24:11.786,99.83,1,99.83,2,99.83,2
2017-12-08 13:24:14.493,99.83,1,99.83,1,99.83,2
2017-12-08 13:27:06.827,99.82,1,99.82,3,99.82,1
2017-12-08 13:31:55.866,99.82,1,99.82,3,99.82,3
2017-12-08 13:32:25.602,99.82,2,99.82,2,99.82,2
2017-12-08 13:35:29.621,99.83,3,99.83,2,99.83,1
2017-12-08 13:36:13.683,99.84,2,99.84,2,99.84,3
2017-12-08 13:39:27.233,99.85,3,99.85,2,99.85,2
2017-12-08 13:40:35.721,99.86,3,99.86,3,99.86,2
2017-12-08 13:41:09.133,99.85,2,99.85,3,99.85,1
2017-12-08 13:43:23.450,99.83,2,99.83,1,99.83,3
2017-12-08 13:43:32.265,99.83,1,99.83,2,99.83,3
2017-12-08 13:45:28.707,99.84,3,99.84,3,99.84,1
2017-12-08 13:47:46.335,99.84,3,99.84,1,99.84,2
2017-12-08 13:49:57.449,99.83,2,99.83,3,99.83,2
2017-12-08 13:53:49.790,99.86,1,99.86,1,99.86,2
2017-12-08 13:56:51.401,99.84,1,99.84,1,99.84,3
2017-12-08 13:58:28.856,99.83,3,99.83,2,99.83,1
2017-12-08 13:58:34.187,99.83,1,99.83,3,99.83,2
2017-12-08 13:58:34.707,99.83,3,99.83,3,99.83,2
2017-12-08 14:03:06.771,99.83,3,99.83,1,99.83,2
2017-12-08 14:05:30.528,99.84,2,99.84,1,99.84,2
2017-12-08 14:07:14.324,99.83,2,99.83,3,99.83,2
2017-12-08 14:09:48.990,99.82,1,99.82,3,99.82,3
2017-12-08 14:11:22.967,99.82,1,99.82,1,99.82,1
2017-12-08 14:12:38.891,99.83,1,99.83,3,99.83,3
2017-12-08 14:15:35.389,99.84,3,99.84,2,99.84,1
2017-12-08 14:15:37.994,99.83,1,99.83,3,99.83,1
2017-12-08 14:17:54.719,99.83,1,99.83,1,99.83,3
2017-12-08 14:20:29.068,99.83,1,99.83,1,99.83,1
2017-12-08 14:23:56.674,99.83,3,99.83,2,99.83,3
2017-12-08 14:25:15.384,99.82,1,99.82,2,99.82,2
2017-12-08 14:26:33.316,99.83,2,99.83,3,99.83,3
2017-12-08 14:28:20.659,99.82,1,99.82,1,99.82,1
2017-12-08 14:30:31.974,99.82,3,99.82,1,99.82,2
2017-12-08 14:32:50.563,99.82,1,99.82,1,99.82,2
2017-12-08 14:32:58.109,99.82,1,99.82,3,99.82,3
2017-12-08 14:33:07.688,99.83,2,99.83,1,99.83,3
2017-12-08 14:33:14.296,99.83,3,99.83,3,99.83,1
2017-12-08 14:34:17.316,99.83,3,99.83,3,99.83,3
2017-12-08 14:35:50.777,99.83,2,99.83,2,99.83,3
2017-12-08 14:36:37.909,99.82,3,99.82,2,99.82,2
2017-12-08 14:37:25.156,99.82,3,99.82,3,99.82,2
2017-12-08 14:37:30.376,99.82,2,99.82,1,99.82,1
2017-12-08 14:38:20.314,99.82,1,99.82,2,99.82,3
2017-12-08 14:42:00.994,99.84,3,99.84,1,99.84,3
2017-12-08 14:45:45.007,99.85,1,99.85,1,99.85,1
2017-12-08 14:45:50.026,99.85,1,99.85,1,99.85,2
2017-12-08 14:50:20.443,99.87,2,99.87,3,99.87,2
2017-12-08 14:51:21.646,99.88,2,99.88,3,99.88,1
2017-12-08 14:51:26.062,99.87,1,99.87,3,99.87,2
2017-12-08 14:51:52.761,99.87,3,99.87,2,99.87,3
2017-12-08 14:52:34.591,99.88,1,99.88,1,99.88,3
2017-12-08 14:52:55.354,99.89,3,99.89,3,99.89,3
2017-12-08 14:53:12.542,99.89,1,99.89,2,99.89,3
2017-12-08 14:53:19.035,99.89,2,99.89,1,99.89,1
2017-12-08 14:56:22.172,99.87,3,99.87,2,99.87,1
2017-12-08 14:58:54.540,99.87,1,99.87,1,99.87,2
2017-12-08 15:05:54.298,99.86,2,99.86,3,99.86,1
2017-12-08 15:05:56.447,99.86,2,99.86,2,99.86,2
2017-12-08 15:07:43.430,99.86,3,99.86,3,99.86,3
2017-12-08 15:08:06.194,99.87,2,99.87,2,99.87,3
2017-12-08 15:09:44.822,99.83,3,99.83,3,99.83,3
2017-12-08 15:15:50.184,99.78,2,99.78,3,99.78,1
2017-12-08 15:18:40.608,99.80,1,99.80,3,99.80,1
2017-12-08 15:20:30.639,99.80,3,99.80,3,99.80,3
2017-12-08 15:23:20.715,99.79,1,99.79,3,99.79,3
2017-12-08 15:25:02.142,99.79,3,99.79,1,99.79,2
2017-12-08 15:26:00.739,99.79,2,99.79,1,99.79,3
2017-12-08 15:26:41.259,99.78,3,99.78,1,99.78,2
2017-12-08 15:28:38.731,99.78,2,99.78,1,99.78,2
2017-12-08 15:28:52.518,99.78,3,99.78,3,99.78,3
2017-12-08 15:29:10.893,99.77,2,99.77,3,99.77,1
2017-12-08 15:36:06.601,99.78,2,99.78,3,99.78,3
2017-12-08 15:37:35.044,99.79,2,99.79,3,99.79,1
2017-12-08 15:38:54.476,99.78,3,99.78,1,99.78,3
2017-12-08 15:39:01.102,99.77,1,99.77,3,99.77,2
2017-12-08 15:43:20.672,99.78,3,99.78,2,99.78,1
2017-12-08 15:43:59.307,99.78,1,99.78,3,99.78,1
2017-12-08 15:44:01.458,99.78,2,99.78,2,99.78,1
2017-12-08 15:45:07.924,99.79,2,99.79,3,99.79,2
2017-12-08 15:45:39.557,99.79,1,99.79,1,99.79,1
2017-12-08 15:46:39.298,99.78,1,99.78,2,99.78,3
2017-12-08 15:48:05.781,99.78,3,99.78,3,99.78,2
2017-12-08 15:49:30.440,99.78,3,99.78,3,99.78,3
2017-12-08 15:49:40.772,99.79,2,99.79,1,99.79,2
2017-12-08 15:51:49.308,99.80,1,99.80,2,99.80,2
2017-12-08 15:52:45.955,99.79,2,99.79,2,99.79,3
2017-12-08 15:54:44.190,99.78,3,99.78,1,99.78,3
2017-12-08 15:55:01.493,99.78,1,99.78,3,99.78,1
2017-12-08 15:57:04.931,99.78,1,99.78,3,99.78,2
2017-12-08 16:00:46.789,99.79,2,99.79,3,99.79,2
2017-12-08 16:03:17.626,99.79,1,99.79,1,99.79,1
2017-12-08 16:05:47.900,99.79,1,99.79,1,99.79,3
2017-12-08 16:05:53.360,99.79,3,99.79,1,99.79,3
2017-12-08 16:07:39.229,99.80,3,99.80,1,99.80,2
2017-12-08 16:07:54.039,99.80,2,99.80,1,99.80,1
2017-12-08 16:10:48.730,99.79,2,99.79,1,99.79,1
2017-12-08 16:11:16.560,99.79,1,99.79,2,99.79,2
2017-12-08 16:18:17.054,99.81,1,99.81,3,99.81,3
2017-12-08 16:19:49.097,99.80,2,99.80,1,99.80,2
2017-12-08 16:22:02.996,99.83,1,99.83,2,99.83,3
2017-12-08 16:23:05.560,99.83,3,99.83,3,99.83,2
2017-12-08 16:26:56.330,99.80,2,99.80,1,99.80,3
2017-12-08 16:28:00.541,99.78,2,99.78,1,99.78,3
2017-12-08 16:28:51.736,99.77,2,99.77,3,99.77,1
2017-12-08 16:32:39.157,99.80,1,99.80,3,99.80,1
2017-12-08 16:35:09.061,99.80,3,99.80,2,99.80,1
2017-12-08 16:36:52.802,99.80,3,99.80,1,99.80,1
2017-12-08 16:37:30.328,99.80,2,99.80,3,99.80,1
2017-12-08 16:41:01.830,99.82,3,99.82,1,99.82,3
2017-12-08 16:45:03.215,99.82,1,99.82,2,99.82,2
2017-12-08 16:45:27.277,99.82,1,99.82,1,99.82,1
2017-12-08 16:46:04.854,99.81,1,99.81,2,99.81,1
2017-12-08 16:47:47.394,99.80,1,99.80,3,99.80,1
2017-12-08 16:53:50.828,99.81,3,99.81,2,99.81,1
2017-12-08 16:53:56.884,99.81,2,99.81,2,99.81,1
2017-12-08 16:56:28.994,99.79,3,99.79,1,99.79,2
2017-12-08 17:02:08.670,99.79,3,99.79,1,99.79,1
2017-12-08 17:02:30.852,99.78,3,99.78,3,99.78,3
2017-12-08 17:07:24.345,99.77,1,99.77,1,99.77,3
2017-12-08 17:12:27.108,99.76,1,99.76,3,99.76,2
2017-12-08 17:19:05.450,99.73,3,99.73,3,99.73,2
2017-12-08 17:20:03.086,99.74,3,99.74,2,99.74,2
2017-12-08 17:23:43.961,99.72,3,99.72,1,99.72,3
2017-12-08 17:26:36.343,99.70,3,99.70,3,99.70,3
2017-12-08 17:29:49.901,99.72,3,99.72,1,99.72,3
2017-12-08 17:32:52.833,99.71,2,99.71,1,99.71,3
2017-12-08 17:34:16.529,99.71,1,99.71,2,99.71,3
2017-12-08 17:34:53.441,99.69,2,99.69,1,99.69,3
2017-12-08 17:36:40.569,99.68,2,99.68,1,99.68,1
2017-12-08 17:42:11.277,99.72,1,99.72,1,99.72,3
2017-12-08 17:44:51.461,99.72,3,99.72,1,99.72,1
2017-12-08 17:46:16.994,99.73,1,99.73,3,99.73,2
2017-12-08 17:46:35.056,99.74,2,99.74,3,99.74,3
2017-12-08 17:47:06.358,99.76,2,99.76,3,99.76,3
2017-12-08 17:49:26.703,99.77,3,99.77,2,99.77,1
2017-12-08 17:50:12.124,99.77,1,99.77,3,99.77,1
2017-12-08 17:51:00.255,99.77,3,99.77,3,99.77,3
2017-12-08 17:53:25.976,99.77,2,99.77,3,99.77,2
2017-12-08 17:54:02.433,99.76,1,99.76,2,99.76,3
2017-12-08 17:54:13.557,99.76,2,99.76,2,99.76,2
2017-12-08 17:54:28.706,99.75,3,99.75,1,99.75,1
2017-12-08 17:55:30.300,99.75,2,99.75,2,99.75,3
2017-12-08 17:56:08.806,99.75,1,99.75,3,99.75,3
2017-12-08 17:56:56.316,99.76,3,99.76,2,99.76,2
2017-12-08 17:57:04.206,99.77,2,99.77,3,99.77,3
2017-12-08 17:57:32.981,99.76,3,99.76,3,99.76,2
2017-12-08 17:59:15.694,99.77,3,99.77,3,99.77,3
2017-12-08 18:05:58.017,99.75,1,99.75,3,99.75,3
2017-12-08 18:09:21.605,99.75,1,99.75,3,99.75,1
2017-12-08 18:13:34.135,99.74,3,99.74,1,99.74,3
2017-12-08 18:17:59.635,99.72,2,99.72,3,99.72,3
2017-12-08 18:21:31.121,99.74,1,99.74,1,99.74,3
2017-12-08 18:23:14.573,99.74,3,99.74,3,99.74,3
2017-12-08 18:23:36.583,99.73,2,99.73,1,99.73,2
2017-12-08 18:23:55.362,99.72,3,99.72,2,99.72,2
2017-12-08 18:25:16.191,99.72,2,99.72,3,99.72,2
2017-12-08 18:25:20.437,99.71,3,99.71,3,99.71,2
2017-12-08 18:25:31.522,99.72,2,99.72,3,99.72,1
2017-12-08 18:25:47.043,99.72,3,99.72,3,99.72,1
2017-12-08 18:30:43.578,99.72,2,99.72,3,99.72,1
2017-12-08 18:31:51.390,99.73,2,99.73,2,99.73,2
2017-12-08 18:32:41.764,99.75,1,99.75,3,99.75,1
2017-12-08 18:34:43.079,99.75,3,99.75,3,99.75,1
2017-12-08 18:34:54.638,99.75,3,99.75,3,99.75,2
2017-12-08 18:36:53.549,99.72,1,99.72,1,99.72,3
2017-12-08 18:37:18.309,99.74,1,99.74,1,99.74,1
2017-12-08 18:39:17.336,99.73,2,99.73,1,99.73,2
2017-12-08 18:40:27.620,99.73,2,99.73,2,99.73,2
2017-12-08 18:45:11.907,99.75,3,99.75,3,99.75,2
2017-12-08 18:50:37.746,99.77,2,99.77,1,99.77,1
2017-12-08 18:53:12.223,99.80,2,99.80,3,99.80,3
2017-12-08 18:54:35.833,99.82,1,99.82,3,99.82,1
2017-12-08 19:02:04.050,99.83,3,99.83,2,99.83,3
2017-12-08 19:08:04.971,99.80,3,99.80,3,99.80,2
2017-12-08 19:11:42.669,99.79,3,99.79,2,99.79,1
2017-12-08 19:13:12.148,99.82,1,99.82,1,99.82,3
2017-12-08 19:14:02.775,99.81,2,99.81,3,99.81,1
2017-12-08 19:15:59.045,99.80,1,99.80,2,99.80,3
2017-12-08 19:16:21.611,99.80,1,99.80,3,99.80,3
2017-12-08 19:16:55.015,99.78,2,99.78,1,99.78,2
2017-12-08 19:17:43.726,99.80,2,99.80,1,99.80,1
2017-12-08 19:20:29.498,99.82,1,99.82,1,99.82,3
2017-12-08 19:21:47.037,99.83,3,99.83,1,99.83,2
2017-12-08 19:22:11.046,99.83,2,99.83,3,99.83,1
2017-12-08 19:23:16.192,99.83,3,99.83,3,99.83,3
2017-12-08 19:23:57.965,99.83,2,99.83,2,99.83,3
2017-12-08 19:24:38.540,99.82,2,99.82,2,99.82,1
2017-12-08 19:24:58.448,99.82,1,99.82,1,99.82,1
2017-12-08 19:26:12.026,99.83,3,99.83,2,99.83,2
2017-12-08 19:34:20.847,99.78,3,99.78,3,99.78,2
2017-12-08 19:38:50.017,99.77,1,99.77,1,99.77,2
2017-12-08 19:41:02.757,99.79,3,99.79,1,99.79,1
2017-12-08 19:41:25.205,99.79,3,99.79,2,99.79,3
2017-12-08 19:42:54.546,99.79,1,99.79,1,99.79,1
2017-12-08 19:44:22.816,99.77,1,99.77,1,99.77,2
2017-12-08 19:47:45.390,99.76,2,99.76,1,99.76,2
2017-12-08 19:47:59.518,99.76,1,99.76,1,99.76,3
2017-12-08 19:49:01.254,99.77,1,99.77,3,99.77,3
2017-12-08 19:49:10.740,99.77,3,99.77,1,99.77,3
2017-12-08 19:52:32.243,99.76,1,99.76,1,99.76,3
2017-12-08 19:53:40.782,99.77,1,99.77,3,99.77,1
2017-12-08 19:56:25.884,99.77,2,99.77,2,99.77,1
2017-12-08 19:57:27.916,99.77,1,99.77,1,99.77,2
2017-12-08 19:59:49.187,99.78,1,99.78,2,99.78,1
2017-12-08 20:00:01.849,99.78,1,99.78,2,99.78,3
2017-12-08 20:00:02.833,99.77,2,99.77,1,99.77,2
2017-12-08 20:00:52.184,99.78,3,99.78,2,99.78,3
2017-12-08 20:01:42.838,99.78,3,99.78,3,99.78,2
2017-12-08 20:02:50.823,99.76,1,99.76,2,99.76,3
2017-12-08 20:03:00.299,99.76,1,99.76,1,99.76,1
2017-12-08 20:03:16.373,99.76,3,99.76,3,99.76,1
2017-12-08 20:06:49.782,99.76,3,99.76,2,99.76,1
2017-12-08 20:08:42.742,99.75,3,99.75,3,99.75,2
2017-12-08 20:09:55.809,99.74,1,99.74,1,99.74,3
2017-12-08 20:15:13.565,99.75,3,99.75,1,99.75,2
2017-12-08 20:15:33.543,99.76,3,99.76,1,99.76,3
2017-12-08 20:16:11.950,99.75,3,99.75,3,99.75,2
2017-12-08 20:16:45.350,99.76,2,99.76,2,99.76,1
2017-12-08 20:18:21.037,99.75,3,99.75,3,99.75,3
2017-12-08 20:18:51.943,99.74,2,99.74,3,99.74,3
2017-12-08 20:19:53.339,99.75,3,99.75,2,99.75,3
2017-12-08 20:20:00.394,99.75,1,99.75,1,99.75,2
2017-12-08 20:21:14.649,99.75,3,99.75,1,99.75,3
2017-12-08 20:24:18.576,99.76,2,99.76,2,99.76,3
2017-12-08 20:24:57.375,99.76,1,99.76,1,99.76,2
2017-12-08 20:25:52.311,99.76,2,99.76,1,99.76,3
2017-12-08 20:27:42.892,99.77,1,99.77,3,99.77,3
2017-12-08 20:30:21.687,99.76,3,99.76,3,99.76,3
2017-12-08 20:30:25.575,99.76,1,99.76,1,99.76,1
2017-12-08 20:36:11.903,99.79,2,99.79,3,99.79,2
2017-12-08 20:38:37.720,99.80,2,99.80,1,99.80,3
2017-12-08 20:38:48.035,99.79,3,99.79,1,99.79,3
2017-12-08 20:39:55.895,99.78,2,99.78,2,99.78,2
2017-12-08 20:40:12.205,99.78,1,99.78,1,99.78,2
2017-12-08 20:42:57.527,99.78,3,99.78,1,99.78,1
2017-12-08 20:44:44.334,99.77,3,99.77,3,99.77,3
2017-12-08 20:45:49.630,99.76,2,99.76,2,99.76,2
2017-12-08 20:46:26.452,99.76,2,99.76,1,99.76,1
2017-12-08 20:47:22.591,99.75,3,99.75,1,99.75,1
2017-12-08 20:48:02.662,99.76,2,99.76,2,99.76,3
2017-12-08 20:49:56.017,99.76,1,99.76,1,99.76,3
2017-12-08 20:50:00.933,99.76,2,99.76,1,99.76,2
2017-12-08 20:50:28.059,99.76,2,99.76,2,99.76,3
2017-12-08 20:58:18.017,99.75,2,99.75,1,99.75,3
2017-12-08 20:59:57.478,99.76,2,99.76,1,99.76,3
2017-12-08 21:00:43.165,99.77,2,99.77,2,99.77,1
2017-12-08 21:01:15.761,99.77,1,99.77,3,99.77,3
2017-12-08 21:01:57.489,99.75,1,99.75,1,99.75,2
2017-12-08 21:03:44.010,99.78,1,99.78,3,99.78,3
2017-12-08 21:04:41.840,99.77,3,99.77,2,99.77,2
2017-12-08 21:05:05.303,99.77,1,99.77,3,99.77,3
2017-12-08 21:05:26.226,99.76,2,99.76,1,99.76,2
2017-12-08 21:06:00.426,99.74,3,99.74,1,99.74,3
2017-12-08 21:07:25.952,99.74,3,99.74,2,99.74,2
2017-12-08 21:10:56.583,99.73,2,99.73,1,99.73,3
2017-12-08 21:12:43.478,99.73,2,99.73,1,99.73,1
2017-12-08 21:13:04.094,99.73,2,99.73,1,99.73,3
2017-12-08 21:13:06.398,99.73,3,99.73,2,99.73,2
2017-12-08 21:13:33.207,99.73,2,99.73,2,99.73,3
2017-12-08 21:16:16.628,99.75,1,99.75,2,99.75,3
2017-12-08 21:19:47.792,99.75,1,99.75,1,99.75,2
2017-12-08 21:19:51.600,99.75,2,99.75,2,99.75,1
2017-12-08 21:21:09.835,99.75,2,99.75,3,99.75,3
2017-12-08 21:21:12.732,99.75,1,99.75,3,99.75,1
2017-12-08 21:22:23.478,99.74,1,99.74,2,99.74,2
2017-12-08 21:22:47.729,99.74,2,99.74,3,99.74,1
2017-12-08 21:27:12.345,99.76,2,99.76,3,99.76,2
2017-12-08 21:31:35.659,99.75,2,99.75,3,99.75,2
2017-12-08 21:33:17.089,99.75,2,99.75,2,99.75,1
2017-12-08 21:33:41.511,99.75,3,99.75,3,99.75,3
2017-12-08 21:39:23.258,99.75,2,99.75,3,99.75,1
2017-12-08 21:43:24.629,99.75,2,99.75,2,99.75,3
2017-12-08 21:43:49.160,99.74,1,99.74,2,99.74,1
2017-12-08 21:45:45.563,99.75,2,99.75,2,99.75,1
2017-12-08 21:48:00.597,99.76,3,99.76,3,99.76,2
2017-12-08 21:48:09.150,99.75,2,99.75,1,99.75,1
2017-12-08 21:49:19.890,99.75,1,99.75,3,99.75,2
2017-12-08 21:50:12.577,99.76,3,99.76,1,99.76,2
2017-12-08 21:52:42.729,99.80,3,99.80,1,99.80,1
2017-12-08 21:57:40.231,99.83,2,99.83,2,99.83,3
2017-12-08 21:57:52.846,99.83,2,99.83,2,99.83,1
2017-12-08 21:59:44.897,99.81,3,99.81,3,99.81,3
2017-12-08 22:03:00.375,99.80,2,99.80,2,99.80,1
2017-12-08 22:03:59.557,99.80,2,99.80,2,99.80,2
2017-12-08 22:05:35.082,99.80,1,99.80,3,99.80,3
2017-12-08 22:08:25.761,99.78,3,99.78,1,99.78,1
2017-12-08 22:09:22.589,99.77,2,99.77,3,99.77,1
2017-12-08 22:09:41.228,99.78,1,99.78,3,99.78,1
2017-12-08 22:14:02.961,99.79,1,99.79,2,99.79,3
2017-12-08 22:15:24.122,99.76,3,99.76,3,99.76,3
2017-12-08 22:16:47.910,99.76,1,99.76,1,99.76,3
2017-12-08 22:16:56.796,99.76,1,99.76,2,99.76,3
2017-12-08 22:20:13.798,99.78,2,99.78,2,99.78,2
2017-12-08 22:21:45.166,99.78,1,99.78,1,99.78,2
2017-12-08 22:22:07.490,99.77,3,99.77,2,99.77,3
2017-12-08 22:24:17.473,99.76,3,99.76,1,99.76,1
2017-12-08 22:26:24.330,99.73,3,99.73,1,99.73,3
2017-12-08 22:26:42.027,99.73,1,99.73,2,99.73,3
2017-12-08 22:27:16.694,99.72,1,99.72,3,99.72,3
2017-12-08 22:29:41.450,99.73,2,99.73,3,99.73,3
2017-12-08 22:31:34.012,99.72,1,99.72,3,99.72,3
2017-12-08 22:32:32.345,99.72,3,99.72,2,99.72,1
2017-12-08 22:34:33.714,99.70,1,99.70,1,99.70,3
2017-12-08 22:37:29.296,99.68,1,99.68,3,99.68,2
2017-12-08 22:39:31.662,99.66,3,99.66,3,99.66,2
2017-12-08 22:41:26.888,99.63,1,99.63,3,99.63,1
2017-12-08 22:42:00.994,99.62,1,99.62,3,99.62,3
2017-12-08 22:44:24.153,99.62,2,99.62,3,99.62,2
2017-12-08 22:45:13.000,99.62,2,99.62,1,99.62,1
2017-12-08 22:45:20.749,99.63,1,99.63,3,99.63,3
2017-12-08 22:45:51.836,99.63,2,99.63,1,99.63,1
2017-12-08 22:46:37.808,99.63,1,99.63,3,99.63,3
2017-12-08 22:50:05.433,99.61,2,99.61,3,99.61,1
2017-12-08 22:51:05.939,99.60,2,99.60,1,99.60,1
2017-12-08 22:51:28.993,99.60,1,99.60,2,99.60,1
2017-12-08 22:55:27.540,99.60,3,99.60,1,99.60,1
2017-12-08 22:55:32.529,99.60,2,99.60,2,99.60,1
2017-12-08 22:56:12.256,99.61,2,99.61,3,99.61,3
2017-12-08 22:57:35.001,99.61,1,99.61,3,99.61,3
2017-12-08 22:58:57.370,99.62,3,99.62,1,99.62,3
2017-12-08 23:00:31.734,99.64,1,99.64,2,99.64,2
2017-12-08 23:00:49.889,99.63,1,99.63,1,99.63,1
2017-12-08 23:01:04.300,99.63,2,99.63,1,99.63,3
2017-12-08 23:01:17.623,99.63,1,99.63,3,99.63,3
2017-12-08 23:01:39.531,99.64,3,99.64,3,99.64,2
2017-12-08 23:04:58.638,99.65,3,99.65,2,99.65,3
2017-12-08 23:07:49.837,99.65,3,99.65,1,99.65,3
2017-12-08 23:11:47.473,99.67,1,99.67,1,99.67,3
2017-12-08 23:13:50.411,99.65,3,99.65,2,99.65,2
2017-12-08 23:15:33.233,99.64,1,99.64,1,99.64,3
2017-12-08 23:17:41.954,99.63,2,99.63,3,99.63,1
2017-12-08 23:20:35.502,99.61,2,99.61,3,99.61,2
2017-12-08 23:20:36.570,99.61,2,99.61,3,99.61,2
2017-12-08 23:22:03.592,99.62,3,99.62,3,99.62,2
2017-12-08 23:22:09.659,99.61,1,99.61,2,99.61,1
2017-12-08 23:27:30.080,99.61,1,99.61,1,99.61,1
2017-12-08 23:27:37.234,99.61,2,99.61,1,99.61,3
2017-12-08 23:28:22.282,99.60,2,99.60,2,99.60,1
2017-12-08 23:29:47.534,99.62,2,99.62,1,99.62,2
2017-12-08 23:29:48.947,99.62,3,99.62,1,99.62,1
2017-12-08 23:32:04.118,99.62,1,99.62,2,99.62,1
2017-12-08 23:32:34.074,99.63,2,99.63,3,99.63,3
2017-12-08 23:32:41.061,99.62,3,99.62,2,99.62,3
2017-12-08 23:33:51.190,99.62,1,99.62,1,99.62,3
2017-12-08 23:34:30.247,99.63,3,99.63,1,99.63,1
2017-12-08 23:35:09.138,99.63,1,99.63,1,99.63,3
2017-12-08 23:35:27.469,99.63,1,99.63,1,99.63,2
2017-12-08 23:35:38.179,99.62,1,99.62,3,99.62,2
2017-12-08 23:44:06.381,99.60,1,99.60,3,99.60,1
2017-12-08 23:45:33.244,99.60,3,99.60,1,99.60,3
2017-12-08 23:45:53.753,99.60,2,99.60,1,99.60,3
2017-12-08 23:48:20.678,99.61,3,99.61,1,99.61,3
2017-12-08 23:49:32.869,99.62,1,99.62,1,99.62,3
2017-12-08 23:49:44.001,99.62,1,99.62,1,99.62,3
2017-12-08 23:50:00.251,99.63,1,99.63,2,99.63,2
2017-12-08 23:50:28.654,99.62,3,99.62,2,99.62,2
2017-12-08 23:50:42.426,99.63,2,99.63,1,99.63,2
2017-12-08 23:51:29.196,99.64,2,99.64,3,99.64,1
2017-12-08 23:59:25.861,99.62,2,99.62,1,99.62,3
