2017-12-07 00:00:02.068,100.00,2,100.00,1,100.00,2
2017-12-07 00:00:24.467,100.01,2,100.01,2,100.01,3
2017-12-07 00:00:52.402,100.02,1,100.02,3,100.02,2
2017-12-07 00:02:11.159,100.04,3,100.04,3,100.04,3
2017-12-07 00:05:17.202,100.03,2,100.03,1,100.03,3
2017-12-07 00:05:25.009,100.03,2,100.03,3,100.03,3
2017-12-07 00:08:50.956,100.04,2,100.04,3,100.04,1
2017-12-07 00:15:46.879,100.04,1,100.04,2,100.04,2
2017-12-07 00:16:34.503,100.04,1,100.04,2,100.04,1
2017-12-07 00:17:40.679,100.05,1,100.05,2,100.05,3
2017-12-07 00:20:23.175,100.04,3,100.04,1,100.04,2
2017-12-07 00:20:49.107,100.05,2,100.05,2,100.05,3
2017-12-07 00:21:02.328,100.05,3,100.05,1,100.05,2
2017-12-07 00:21:35.047,100.05,2,100.05,3,100.05,3
2017-12-07 00:22:37.533,100.04,2,100.04,1,100.04,3
2017-12-07 00:23:19.032,100.03,3,100.03,3,100.03,3
2017-12-07 00:25:15.050,100.04,1,100.04,1,100.04,2
2017-12-07 00:27:28.430,100.05,3,100.05,3,100.05,3
2017-12-07 00:31:28.627,100.05,1,100.05,3,100.05,3
2017-12-07 00:33:19.885,100.03,1,100.03,1,100.03,2
2017-12-07 00:33:45.966,100.03,3,100.03,1,100.03,3
2017-12-07 00:38:03.582,100.01,1,100.01,1,100.01,1
2017-12-07 00:38:14.479,100.01,1,100.01,1,100.01,2
2017-12-07 00:41:13.854,99.97,1,99.97,2,99.97,1
2017-12-07 00:41:27.896,99.97,3,99.97,2,99.97,2
2017-12-07 00:47:31.434,99.92,3,99.92,2,99.92,1
2017-12-07 00:47:52.775,99.91,3,99.91,3,99.91,3
2017-12-07 00:48:50.907,99.89,3,99.89,3,99.89,1
2017-12-07 00:50:29.700,99.90,2,99.90,1,99.90,2
2017-12-07 00:52:17.231,99.90,2,99.90,2,99.90,2
2017-12-07 00:52:26.136,99.90,2,99.90,2,99.90,3
2017-12-07 01:00:19.134,99.91,3,99.91,1,99.91,2
2017-12-07 01:01:00.930,99.91,3,99.91,1,99.91,2
2017-12-07 01:01:33.031,99.90,3,99.90,1,99.90,3
2017-12-07 01:02:29.692,99.88,1,99.88,1,99.88,2
2017-12-07 01:03:52.773,99.88,2,99.88,1,99.88,1
2017-12-07 01:05:11.161,99.88,3,99.88,1,99.88,1
2017-12-07 01:10:10.263,99.88,3,99.88,1,99.88,3
2017-12-07 01:18:37.204,99.87,1,99.87,3,99.87,1
2017-12-07 01:23:14.352,99.85,3,99.85,3,99.85,1
2017-12-07 01:24:33.763,99.85,2,99.85,1,99.85,2
2017-12-07 01:28:29.078,99.86,1,99.86,3,99.86,3
2017-12-07 01:31:12.269,99.84,2,99.84,1,99.84,1
2017-12-07 01:32:58.309,99.83,1,99.83,3,99.83,2
2017-12-07 01:34:54.747,99.80,2,99.80,2,99.80,3
2017-12-07 01:43:55.034,99.76,3,99.76,3,99.76,1
2017-12-07 01:47:53.447,99.70,1,99.70,3,99.70,2
2017-12-07 01:48:05.042,99.70,1,99.70,3,99.70,3
2017-12-07 01:49:59.505,99.72,3,99.72,1,99.72,2
2017-12-07 01:54:02.590,99.72,1,99.72,1,99.72,1
2017-12-07 01:56:39.617,99.71,2,99.71,1,99.71,1
2017-12-07 01:57:00.837,99.71,1,99.71,1,99.71,1
2017-12-07 01:57:33.019,99.72,3,99.72,1,99.72,2
2017-12-07 01:59:01.659,99.73,1,99.73,1,99.73,3
2017-12-07 01:59:24.137,99.73,1,99.73,1,99.73,3
2017-12-07 02:02:10.005,99.74,1,99.74,1,99.74,3
2017-12-07 02:02:49.513,99.74,2,99.74,1,99.74,3
2017-12-07 02:03:29.578,99.73,2,99.73,1,99.73,2
2017-12-07 02:09:58.320,99.75,1,99.75,3,99.75,3
2017-12-07 02:12:18.667,99.76,3,99.76,2,99.76,3
2017-12-07 02:13:31.232,99.76,2,99.76,2,99.76,3
2017-12-07 02:14:11.193,99.76,3,99.76,1,99.76,1
2017-12-07 02:16:05.472,99.76,1,99.76,2,99.76,3
2017-12-07 02:16:13.569,99.76,3,99.76,3,99.76,1
2017-12-07 02:18:01.468,99.74,2,99.74,1,99.74,1
2017-12-07 02:18:38.490,99.74,3,99.74,3,99.74,1
2017-12-07 02:20:46.931,99.74,2,99.74,2,99.74,3
2017-12-07 02:21:05.573,99.73,1,99.73,1,99.73,2
2017-12-07 02:21:10.708,99.73,2,99.73,3,99.73,1
2017-12-07 02:23:35.385,99.73,2,99.73,2,99.73,3
2017-12-07 02:23:49.097,99.73,2,99.73,2,99.73,3
2017-12-07 02:25:52.953,99.76,1,99.76,2,99.76,2
2017-12-07 02:27:06.599,99.76,3,99.76,3,99.76,1
2017-12-07 02:27:24.038,99.76,3,99.76,3,99.76,1
2017-12-07 02:29:19.268,99.77,2,99.77,2,99.77,1
2017-12-07 02:33:20.582,99.76,2,99.76,3,99.76,3
2017-12-07 02:33:35.795,99.75,3,99.75,1,99.75,3
2017-12-07 02:34:13.481,99.75,2,99.75,2,99.75,2
2017-12-07 02:35:07.896,99.75,1,99.75,1,99.75,3
2017-12-07 02:37:00.907,99.76,3,99.76,2,99.76,1
2017-12-07 02:37:50.674,99.78,3,99.78,2,99.78,2
2017-12-07 02:39:15.133,99.78,1,99.78,2,99.78,2
2017-12-07 02:45:10.936,99.80,1,99.80,1,99.80,3
2017-12-07 02:45:46.680,99.80,2,99.80,1,99.80,1
2017-12-07 02:48:23.731,99.78,3,99.78,1,99.78,2
2017-12-07 02:49:11.332,99.78,1,99.78,1,99.78,3
2017-12-07 02:52:14.855,99.78,1,99.78,3,99.78,3
2017-12-07 02:53:23.644,99.79,1,99.79,2,99.79,3
2017-12-07 02:56:01.520,99.77,2,99.77,3,99.77,3
2017-12-07 02:56:54.887,99.75,3,99.75,2,99.75,2
2017-12-07 02:59:28.855,99.74,2,99.74,2,99.74,2
2017-12-07 03:00:05.851,99.75,1,99.75,1,99.75,1
2017-12-07 03:04:42.121,99.76,3,99.76,2,99.76,3
2017-12-07 03:09:39.989,99.77,2,99.77,1,99.77,3
2017-12-07 03:10:43.341,99.76,3,99.76,3,99.76,2
2017-12-07 03:10:50.032,99.76,1,99.76,1,99.76,1
2017-12-07 03:11:08.700,99.76,2,99.76,1,99.76,1
2017-12-07 03:11:38.699,99.76,2,99.76,1,99.76,2
2017-12-07 03:11:47.296,99.77,1,99.77,1,99.77,3
2017-12-07 03:13:05.515,99.77,3,99.77,2,99.77,1
2017-12-07 03:13:28.558,99.77,2,99.77,3,99.77,3
2017-12-07 03:22:38.695,99.78,2,99.78,2,99.78,1
2017-12-07 03:22:38.980,99.78,2,99.78,3,99.78,1
2017-12-07 03:22:59.799,99.77,1,99.77,1,99.77,3
2017-12-07 03:29:02.915,99.73,2,99.73,2,99.73,1
2017-12-07 03:29:36.987,99.73,3,99.73,2,99.73,2
2017-12-07 03:30:19.982,99.73,2,99.73,1,99.73,3
2017-12-07 03:33:26.007,99.72,1,99.72,2,99.72,1
2017-12-07 03:35:24.761,99.72,2,99.72,3,99.72,2
2017-12-07 03:35:50.079,99.73,1,99.73,3,99.73,2
2017-12-07 03:35:53.895,99.73,3,99.73,1,99.73,3
2017-12-07 03:40:36.117,99.74,3,99.74,1,99.74,2
2017-12-07 03:44:19.881,99.73,2,99.73,2,99.73,3
2017-12-07 03:46:47.217,99.73,3,99.73,1,99.73,2
2017-12-07 03:48:38.963,99.70,2,99.70,2,99.70,2
2017-12-07 03:52:47.621,99.70,2,99.70,1,99.70,3
2017-12-07 03:57:10.710,99.65,1,99.65,3,99.65,3
2017-12-07 03:59:10.375,99.64,1,99.64,1,99.64,3
2017-12-07 04:01:01.676,99.67,2,99.67,2,99.67,1
2017-12-07 04:11:06.384,99.65,1,99.65,2,99.65,2
2017-12-07 04:13:38.018,99.66,3,99.66,3,99.66,3
2017-12-07 04:13:39.058,99.66,3,99.66,1,99.66,2
2017-12-07 04:13:47.958,99.66,3,99.66,2,99.66,1
2017-12-07 04:14:12.254,99.66,3,99.66,2,99.66,3
2017-12-07 04:16:32.932,99.66,2,99.66,3,99.66,1
2017-12-07 04:16:33.431,99.66,2,99.66,1,99.66,1
2017-12-07 04:20:19.418,99.67,2,99.67,1,99.67,1
2017-12-07 04:20:31.687,99.67,1,99.67,2,99.67,1
2017-12-07 04:23:53.427,99.65,1,99.65,3,99.65,1
2017-12-07 04:25:04.826,99.66,3,99.66,2,99.66,1
2017-12-07 04:25:26.527,99.66,2,99.66,3,99.66,3
2017-12-07 04:26:05.792,99.65,3,99.65,3,99.65,3
2017-12-07 04:27:55.143,99.65,2,99.65,3,99.65,1
2017-12-07 04:27:58.720,99.64,1,99.64,3,99.64,3
2017-12-07 04:28:36.945,99.64,1,99.64,3,99.64,3
2017-12-07 04:29:04.629,99.64,2,99.64,3,99.64,1
2017-12-07 04:33:02.305,99.61,1,99.61,2,99.61,1
2017-12-07 04:34:29.573,99.60,1,99.60,3,99.60,2
2017-12-07 04:34:47.999,99.60,3,99.60,1,99.60,3
2017-12-07 04:35:46.244,99.60,3,99.60,3,99.60,2
2017-12-07 04:36:16.249,99.60,3,99.60,1,99.60,3
2017-12-07 04:39:02.435,99.60,2,99.60,1,99.60,1
2017-12-07 04:47:50.738,99.68,2,99.68,3,99.68,1
2017-12-07 04:47:53.440,99.68,1,99.68,1,99.68,3
2017-12-07 04:48:53.920,99.67,1,99.67,1,99.67,1
2017-12-07 04:50:17.863,99.68,2,99.68,2,99.68,3
2017-12-07 04:51:43.295,99.69,2,99.69,2,99.69,1
2017-12-07 04:56:33.047,99.70,1,99.70,3,99.70,3
2017-12-07 04:57:31.117,99.69,1,99.69,1,99.69,1
2017-12-07 04:59:04.277,99.70,1,99.70,2,99.70,2
2017-12-07 05:00:09.569,99.71,3,99.71,2,99.71,1
2017-12-07 05:01:27.490,99.70,1,99.70,3,99.70,3
2017-12-07 05:10:42.022,99.69,1,99.69,1,99.69,1
2017-12-07 05:12:39.890,99.66,2,99.66,3,99.66,3
2017-12-07 05:12:44.651,99.67,2,99.67,2,99.67,1
2017-12-07 05:13:35.010,99.68,1,99.68,2,99.68,2
2017-12-07 05:15:22.789,99.67,3,99.67,2,99.67,1
2017-12-07 05:16:53.921,99.70,3,99.70,2,99.70,3
2017-12-07 05:20:10.407,99.70,3,99.70,2,99.70,1
2017-12-07 05:21:28.572,99.68,2,99.68,1,99.68,3
2017-12-07 05:25:15.247,99.68,3,99.68,2,99.68,2
2017-12-07 05:29:38.024,99.70,3,99.70,3,99.70,1
2017-12-07 05:31:20.702,99.68,3,99.68,3,99.68,1
2017-12-07 05:34:04.209,99.68,1,99.68,1,99.68,2
2017-12-07 05:34:41.271,99.68,2,99.68,2,99.68,2
2017-12-07 05:35:35.629,99.66,2,99.66,1,99.66,2
2017-12-07 05:39:37.112,99.68,1,99.68,2,99.68,1
2017-12-07 05:40:37.233,99.69,3,99.69,1,99.69,1
2017-12-07 05:41:11.168,99.69,1,99.69,3,99.69,1
2017-12-07 05:46:13.496,99.67,1,99.67,2,99.67,2
2017-12-07 05:46:36.730,99.67,2,99.67,3,99.67,3
2017-12-07 05:48:24.653,99.67,2,99.67,1,99.67,3
2017-12-07 05:48:35.794,99.68,1,99.68,3,99.68,1
2017-12-07 05:48:52.817,99.67,3,99.67,2,99.67,3
2017-12-07 05:48:54.349,99.68,1,99.68,1,99.68,3
2017-12-07 05:49:59.908,99.68,2,99.68,3,99.68,2
2017-12-07 05:51:25.016,99.68,2,99.68,1,99.68,1
2017-12-07 05:53:27.156,99.70,2,99.70,2,99.70,2
2017-12-07 05:53:37.562,99.69,3,99.69,2,99.69,2
2017-12-07 05:54:56.027,99.68,2,99.68,3,99.68,2
2017-12-07 05:56:18.438,99.69,2,99.69,1,99.69,3
2017-12-07 05:57:19.116,99.70,2,99.70,3,99.70,2
2017-12-07 05:59:37.805,99.68,2,99.68,1,99.68,3
2017-12-07 06:01:02.404,99.67,1,99.67,1,99.67,1
2017-12-07 06:01:03.409,99.67,3,99.67,1,99.67,1
2017-12-07 06:01:05.525,99.67,2,99.67,2,99.67,2
2017-12-07 06:02:51.839,99.67,1,99.67,2,99.67,1
2017-12-07 06:05:14.110,99.66,3,99.66,2,99.66,1
2017-12-07 06:08:00.472,99.66,2,99.66,2,99.66,3
2017-12-07 06:12:27.487,99.65,2,99.65,1,99.65,2
2017-12-07 06:15:32.016,99.65,1,99.65,2,99.65,2
2017-12-07 06:17:05.766,99.65,1,99.65,2,99.65,3
2017-12-07 06:18:10.859,99.65,3,99.65,3,99.65,2
2017-12-07 06:18:20.260,99.65,1,99.65,3,99.65,2
2017-12-07 06:19:19.907,99.66,1,99.66,2,99.66,3
2017-12-07 06:21:15.716,99.67,1,99.67,3,99.67,2
2017-12-07 06:27:15.642,99.68,1,99.68,2,99.68,2
2017-12-07 06:28:07.697,99.68,3,99.68,2,99.68,3
2017-12-07 06:28:54.209,99.67,1,99.67,2,99.67,1
2017-12-07 06:29:15.643,99.67,2,99.67,2,99.67,1
2017-12-07 06:31:41.626,99.66,2,99.66,3,99.66,3
2017-12-07 06:32:44.448,99.66,2,99.66,3,99.66,2
2017-12-07 06:33:55.480,99.68,1,99.68,3,99.68,1
2017-12-07 06:34:28.791,99.67,1,99.67,3,99.67,1
2017-12-07 06:38:03.401,99.71,2,99.71,3,99.71,1
2017-12-07 06:38:19.719,99.72,3,99.72,2,99.72,1
2017-12-07 06:40:34.037,99.72,1,99.72,1,99.72,2
2017-12-07 06:44:06.997,99.70,2,99.70,1,99.70,1
2017-12-07 06:44:16.024,99.70,3,99.70,3,99.70,3
2017-12-07 06:47:13.507,99.70,3,99.70,3,99.70,2
2017-12-07 06:51:34.124,99.71,3,99.71,2,99.71,2
2017-12-07 06:51:43.207,99.72,1,99.72,2,99.72,2
2017-12-07 06:54:36.005,99.72,1,99.72,2,99.72,2
2017-12-07 06:54:54.065,99.71,2,99.71,1,99.71,2
2017-12-07 06:55:01.104,99.71,2,99.71,2,99.71,1
2017-12-07 06:56:59.229,99.72,3,99.72,1,99.72,2
2017-12-07 07:00:13.938,99.70,1,99.70,1,99.70,1
2017-12-07 07:00:36.531,99.70,3,99.70,1,99.70,2
2017-12-07 07:03:05.071,99.69,2,99.69,3,99.69,2
2017-12-07 07:03:19.227,99.68,1,99.68,2,99.68,2
2017-12-07 07:03:54.848,99.68,2,99.68,3,99.68,3
2017-12-07 07:05:59.407,99.65,3,99.65,3,99.65,2
2017-12-07 07:07:37.092,99.65,1,99.65,2,99.65,3
2017-12-07 07:08:13.172,99.65,1,99.65,1,99.65,1
2017-12-07 07:08:33.496,99.65,1,99.65,3,99.65,2
2017-12-07 07:09:47.024,99.63,2,99.63,3,99.63,1
2017-12-07 07:22:05.416,99.60,3,99.60,3,99.60,1
2017-12-07 07:22:56.156,99.60,2,99.60,1,99.60,1
2017-12-07 07:23:27.970,99.60,1,99.60,2,99.60,1
2017-12-07 07:24:25.365,99.62,3,99.62,2,99.62,3
2017-12-07 07:26:15.148,99.65,2,99.65,3,99.65,2
2017-12-07 07:27:20.025,99.64,3,99.64,1,99.64,1
2017-12-07 07:35:06.702,99.59,3,99.59,2,99.59,3
2017-12-07 07:37:27.415,99.63,3,99.63,2,99.63,2
2017-12-07 07:38:51.928,99.63,1,99.63,1,99.63,1
2017-12-07 07:43:08.318,99.64,2,99.64,3,99.64,1
2017-12-07 07:43:53.622,99.63,2,99.63,3,99.63,1
2017-12-07 07:45:02.588,99.64,2,99.64,3,99.64,3
2017-12-07 07:45:09.408,99.63,3,99.63,1,99.63,2
2017-12-07 07:48:00.413,99.63,1,99.63,3,99.63,3
2017-12-07 07:52:26.682,99.68,1,99.68,1,99.68,2
2017-12-07 07:54:06.206,99.69,3,99.69,1,99.69,2
2017-12-07 07:54:28.528,99.70,1,99.70,1,99.70,2
2017-12-07 07:56:33.073,99.70,3,99.70,1,99.70,1
2017-12-07 07:57:01.022,99.69,1,99.69,1,99.69,2
2017-12-07 07:57:12.811,99.68,3,99.68,1,99.68,3
2017-12-07 07:59:51.112,99.67,2,99.67,3,99.67,3
2017-12-07 08:05:04.888,99.66,3,99.66,2,99.66,1
2017-12-07 08:05:26.785,99.66,1,99.66,2,99.66,3
2017-12-07 08:05:59.841,99.65,3,99.65,2,99.65,2
2017-12-07 08:08:38.872,99.66,1,99.66,2,99.66,2
2017-12-07 08:09:42.903,99.66,2,99.66,1,99.66,2
2017-12-07 08:10:28.555,99.65,1,99.65,2,99.65,1
2017-12-07 08:11:17.071,99.63,2,99.63,1,99.63,2
2017-12-07 08:13:55.042,99.66,2,99.66,3,99.66,2
2017-12-07 08:14:58.977,99.68,3,99.68,3,99.68,3
2017-12-07 08:19:02.845,99.70,1,99.70,2,99.70,3
2017-12-07 08:19:15.823,99.71,1,99.71,2,99.71,3
2017-12-07 08:19:21.250,99.71,3,99.71,1,99.71,2
2017-12-07 08:19:50.016,99.71,1,99.71,1,99.71,3
2017-12-07 08:25:44.043,99.70,3,99.70,3,99.70,1
2017-12-07 08:26:34.136,99.71,2,99.71,3,99.71,2
2017-12-07 08:26:54.009,99.73,1,99.73,3,99.73,2
2017-12-07 08:29:25.375,99.75,2,99.75,2,99.75,1
2017-12-07 08:31:27.571,99.73,3,99.73,3,99.73,3
2017-12-07 08:31:58.336,99.72,1,99.72,1,99.72,2
2017-12-07 08:32:19.481,99.72,1,99.72,1,99.72,3
2017-12-07 08:33:43.920,99.73,3,99.73,3,99.73,3
2017-12-07 08:34:15.910,99.74,1,99.74,2,99.74,3
2017-12-07 08:35:53.513,99.75,3,99.75,1,99.75,2
2017-12-07 08:36:10.330,99.74,1,99.74,1,99.74,3
2017-12-07 08:36:44.214,99.74,1,99.74,2,99.74,3
2017-12-07 08:37:36.379,99.73,2,99.73,2,99.73,3
2017-12-07 08:37:58.010,99.72,3,99.72,1,99.72,3
2017-12-07 08:40:57.270,99.72,2,99.72,1,99.72,1
2017-12-07 08:41:25.486,99.72,2,99.72,2,99.72,1
2017-12-07 08:43:33.057,99.69,2,99.69,3,99.69,3
2017-12-07 08:47:50.651,99.68,1,99.68,1,99.68,1
2017-12-07 08:50:24.120,99.68,2,99.68,3,99.68,2
2017-12-07 08:50:54.931,99.67,1,99.67,2,99.67,2
2017-12-07 08:52:01.078,99.67,3,99.67,3,99.67,3
2017-12-07 08:53:59.638,99.68,1,99.68,3,99.68,3
2017-12-07 08:54:17.315,99.68,2,99.68,1,99.68,3
2017-12-07 08:55:54.142,99.67,2,99.67,1,99.67,1
2017-12-07 08:58:34.747,99.66,1,99.66,1,99.66,3
2017-12-07 09:00:00.508,99.69,3,99.69,2,99.69,2
2017-12-07 09:06:10.135,99.69,3,99.69,3,99.69,2
2017-12-07 09:06:14.544,99.69,2,99.69,3,99.69,3
2017-12-07 09:08:15.713,99.68,3,99.68,3,99.68,2
2017-12-07 09:10:06.801,99.69,1,99.69,3,99.69,1
2017-12-07 09:10:16.992,99.69,1,99.69,1,99.69,1
2017-12-07 09:10:58.326,99.68,3,99.68,2,99.68,3
2017-12-07 09:11:06.269,99.69,1,99.69,3,99.69,1
2017-12-07 09:12:06.089,99.69,2,99.69,2,99.69,3
2017-12-07 09:12:55.985,99.69,2,99.69,1,99.69,3
2017-12-07 09:13:28.741,99.68,3,99.68,3,99.68,3
2017-12-07 09:15:05.442,99.70,3,99.70,2,99.70,2
2017-12-07 09:16:50.933,99.70,2,99.70,2,99.70,3
2017-12-07 09:20:10.148,99.71,3,99.71,2,99.71,2
2017-12-07 09:26:13.918,99.70,3,99.70,1,99.70,1
2017-12-07 09:26:43.695,99.71,1,99.71,2,99.71,3
2017-12-07 09:27:14.258,99.70,1,99.70,1,99.70,1
2017-12-07 09:28:13.260,99.70,3,99.70,3,99.70,1
2017-12-07 09:34:00.026,99.69,3,99.69,3,99.69,1
2017-12-07 09:34:49.408,99.70,1,99.70,1,99.70,1
2017-12-07 09:37:41.502,99.68,1,99.68,3,99.68,1
2017-12-07 09:38:27.584,99.68,3,99.68,3,99.68,1
2017-12-07 09:40:40.741,99.68,1,99.68,3,99.68,1
2017-12-07 09:41:51.817,99.68,3,99.68,3,99.68,2
2017-12-07 09:43:45.937,99.66,2,99.66,2,99.66,1
2017-12-07 09:47:17.953,99.65,3,99.65,2,99.65,3
2017-12-07 09:48:40.220,99.64,2,99.64,2,99.64,2
2017-12-07 09:54:21.860,99.65,2,99.65,2,99.65,1
2017-12-07 09:56:03.861,99.66,3,99.66,3,99.66,1
2017-12-07 09:57:26.083,99.67,3,99.67,1,99.67,1
2017-12-07 09:58:22.430,99.67,2,99.67,3,99.67,3
2017-12-07 10:03:06.544,99.67,2,99.67,1,99.67,2
2017-12-07 10:03:23.172,99.68,2,99.68,1,99.68,2
2017-12-07 10:03:50.512,99.68,3,99.68,1,99.68,3
2017-12-07 10:08:24.765,99.68,3,99.68,3,99.68,3
2017-12-07 10:09:30.998,99.68,1,99.68,1,99.68,1
2017-12-07 10:09:31.818,99.68,3,99.68,1,99.68,1
2017-12-07 10:09:43.811,99.68,1,99.68,3,99.68,1
2017-12-07 10:12:44.944,99.69,3,99.69,3,99.69,3
2017-12-07 10:12:51.005,99.69,2,99.69,1,99.69,1
2017-12-07 10:12:54.621,99.69,2,99.69,1,99.69,3
2017-12-07 10:16:02.755,99.71,2,99.71,3,99.71,2
2017-12-07 10:16:37.807,99.72,2,99.72,1,99.72,2
2017-12-07 10:17:49.500,99.69,1,99.69,3,99.69,3
2017-12-07 10:19:37.929,99.70,3,99.70,3,99.70,2
2017-12-07 10:20:00.311,99.70,3,99.70,1,99.70,1
2017-12-07 10:22:01.533,99.68,3,99.68,3,99.68,1
2017-12-07 10:22:35.838,99.68,3,99.68,3,99.68,2
2017-12-07 10:26:18.061,99.69,2,99.69,1,99.69,1
2017-12-07 10:27:37.230,99.70,2,99.70,1,99.70,2
2017-12-07 10:28:34.327,99.70,3,99.70,2,99.70,1
2017-12-07 10:30:24.811,99.73,3,99.73,2,99.73,2
2017-12-07 10:31:25.866,99.72,2,99.72,2,99.72,2
2017-12-07 10:31:50.457,99.72,1,99.72,3,99.72,1
2017-12-07 10:33:30.884,99.72,1,99.72,3,99.72,1
2017-12-07 10:35:58.520,99.74,2,99.74,1,99.74,1
2017-12-07 10:36:04.495,99.74,2,99.74,1,99.74,1
2017-12-07 10:36:15.212,99.74,2,99.74,3,99.74,2
2017-12-07 10:43:22.838,99.71,3,99.71,1,99.71,1
2017-12-07 10:45:31.153,99.74,3,99.74,3,99.74,3
2017-12-07 10:47:56.097,99.74,1,99.74,1,99.74,3
2017-12-07 10:48:20.245,99.74,1,99.74,1,99.74,2
2017-12-07 10:50:19.723,99.74,3,99.74,2,99.74,2
2017-12-07 10:51:16.461,99.73,1,99.73,1,99.73,3
2017-12-07 10:56:07.426,99.75,2,99.75,1,99.75,2
2017-12-07 10:56:48.022,99.74,2,99.74,1,99.74,2
2017-12-07 10:57:10.452,99.74,3,99.74,2,99.74,2
2017-12-07 10:57:32.320,99.74,3,99.74,2,99.74,1
2017-12-07 10:59:31.619,99.74,2,99.74,1,99.74,3
2017-12-07 11:04:10.976,99.71,2,99.71,2,99.71,2
2017-12-07 11:06:19.473,99.71,1,99.71,3,99.71,2
2017-12-07 11:06:34.334,99.71,3,99.71,3,99.71,2
2017-12-07 11:07:10.122,99.70,1,99.70,3,99.70,1
2017-12-07 11:10:14.038,99.68,3,99.68,2,99.68,3
2017-12-07 11:12:25.658,99.68,2,99.68,1,99.68,1
2017-12-07 11:20:08.089,99.70,3,99.70,1,99.70,1
2017-12-07 11:20:29.802,99.71,1,99.71,3,99.71,1
2017-12-07 11:21:14.612,99.72,2,99.72,3,99.72,2
2017-12-07 11:23:07.384,99.70,3,99.70,3,99.70,2
2017-12-07 11:28:47.335,99.74,3,99.74,3,99.74,1
2017-12-07 11:28:49.949,99.74,3,99.74,3,99.74,2
2017-12-07 11:29:43.667,99.74,2,99.74,2,99.74,1
2017-12-07 11:30:39.799,99.73,3,99.73,3,99.73,3
2017-12-07 11:36:11.714,99.66,2,99.66,1,99.66,3
2017-12-07 11:36:17.215,99.66,1,99.66,3,99.66,1
2017-12-07 11:37:52.489,99.66,3,99.66,1,99.66,2
2017-12-07 11:38:37.536,99.66,2,99.66,3,99.66,1
2017-12-07 11:38:50.733,99.66,1,99.66,1,99.66,2
2017-12-07 11:39:59.451,99.66,3,99.66,1,99.66,3
2017-12-07 11:42:07.548,99.68,1,99.68,1,99.68,3
2017-12-07 11:47:47.031,99.70,2,99.70,2,99.70,3
2017-12-07 11:57:21.808,99.71,1,99.71,1,99.71,1
2017-12-07 11:59:14.154,99.71,1,99.71,1,99.71,2
2017-12-07 12:03:50.016,99.71,2,99.71,3,99.71,2
2017-12-07 12:04:00.484,99.71,3,99.71,2,99.71,1
2017-12-07 12:04:44.156,99.72,1,99.72,3,99.72,2
2017-12-07 12:06:14.328,99.71,1,99.71,3,99.71,2
2017-12-07 12:06:51.633,99.72,3,99.72,3,99.72,2
2017-12-07 12:06:53.292,99.72,3,99.72,1,99.72,1
2017-12-07 12:09:14.956,99.75,1,99.75,1,99.75,1
2017-12-07 12:09:44.985,99.75,3,99.75,3,99.75,2
2017-12-07 12:10:10.672,99.75,2,99.75,1,99.75,1
2017-12-07 12:13:19.275,99.73,3,99.73,1,99.73,3
2017-12-07 12:17:27.261,99.72,2,99.72,2,99.72,2
2017-12-07 12:19:13.856,99.73,3,99.73,1,99.73,2
2017-12-07 12:19:49.464,99.73,2,99.73,3,99.73,3
2017-12-07 12:20:40.040,99.74,1,99.74,1,99.74,2
2017-12-07 12:21:17.271,99.74,2,99.74,3,99.74,2
2017-12-07 12:21:34.446,99.74,2,99.74,2,99.74,2
2017-12-07 12:22:58.948,99.73,3,99.73,2,99.73,2
2017-12-07 12:26:38.921,99.74,2,99.74,1,99.74,3
2017-12-07 12:27:42.447,99.73,3,99.73,3,99.73,3
2017-12-07 12:30:59.507,99.72,2,99.72,3,99.72,3
2017-12-07 12:31:20.247,99.71,2,99.71,3,99.71,1
2017-12-07 12:32:43.418,99.71,3,99.71,3,99.71,2
2017-12-07 12:35:11.677,99.72,1,99.72,3,99.72,2
2017-12-07 12:35:36.610,99.72,3,99.72,1,99.72,2
2017-12-07 12:35:52.224,99.72,3,99.72,3,99.72,3
2017-12-07 12:36:26.736,99.73,3,99.73,1,99.73,1
2017-12-07 12:38:27.907,99.72,1,99.72,2,99.72,2
2017-12-07 12:39:13.643,99.72,2,99.72,2,99.72,3
2017-12-07 12:39:28.676,99.71,2,99.71,3,99.71,2
2017-12-07 12:43:15.426,99.66,3,99.66,1,99.66,2
2017-12-07 12:45:32.284,99.65,3,99.65,3,99.65,2
2017-12-07 12:46:18.233,99.68,3,99.68,2,99.68,3
2017-12-07 12:46:54.055,99.67,2,99.67,1,99.67,1
2017-12-07 12:47:29.400,99.66,2,99.66,3,99.66,3
2017-12-07 12:48:01.674,99.65,3,99.65,1,99.65,3
2017-12-07 12:48:58.990,99.65,3,99.65,2,99.65,2
2017-12-07 12:49:58.895,99.67,3,99.67,3,99.67,1
2017-12-07 12:50:03.282,99.66,2,99.66,2,99.66,1
2017-12-07 12:50:40.719,99.67,1,99.67,1,99.67,2
2017-12-07 12:51:46.946,99.68,1,99.68,1,99.68,1
2017-12-07 12:52:56.318,99.68,2,99.68,1,99.68,1
2017-12-07 12:53:43.333,99.67,1,99.67,3,99.67,2
2017-12-07 12:56:30.475,99.64,3,99.64,2,99.64,1
2017-12-07 13:03:55.884,99.63,1,99.63,3,99.63,2
2017-12-07 13:04:17.468,99.63,3,99.63,3,99.63,1
2017-12-07 13:04:18.286,99.63,3,99.63,3,99.63,2
2017-12-07 13:04:33.788,99.63,3,99.63,2,99.63,1
2017-12-07 13:04:54.331,99.63,2,99.63,2,99.63,1
2017-12-07 13:10:10.661,99.60,3,99.60,3,99.60,3
2017-12-07 13:12:01.896,99.61,3,99.61,1,99.61,3
2017-12-07 13:12:37.339,99.61,2,99.61,1,99.61,2
2017-12-07 13:15:10.349,99.60,3,99.60,3,99.60,1
2017-12-07 13:15:43.302,99.61,1,99.61,2,99.61,3
2017-12-07 13:15:54.582,99.61,3,99.61,2,99.61,2
2017-12-07 13:19:14.588,99.61,2,99.61,2,99.61,3
2017-12-07 13:23:28.875,99.60,2,99.60,2,99.60,1
2017-12-07 13:25:15.233,99.63,2,99.63,1,99.63,1
2017-12-07 13:27:18.658,99.62,1,99.62,1,99.62,3
2017-12-07 13:32:58.894,99.65,1,99.65,1,99.65,3
2017-12-07 13:34:39.598,99.66,2,99.66,3,99.66,1
2017-12-07 13:36:38.058,99.66,3,99.66,1,99.66,3
2017-12-07 13:37:20.048,99.67,2,99.67,1,99.67,2
2017-12-07 13:37:20.145,99.67,3,99.67,1,99.67,1
2017-12-07 13:37:50.897,99.67,2,99.67,3,99.67,2
2017-12-07 13:37:51.199,99.67,2,99.67,1,99.67,3
2017-12-07 13:37:57.960,99.67,2,99.67,1,99.67,3
2017-12-07 13:45:44.868,99.63,3,99.63,1,99.63,3
2017-12-07 13:47:00.453,99.64,1,99.64,1,99.64,2
2017-12-07 13:50:41.475,99.63,1,99.63,2,99.63,3
2017-12-07 13:51:57.387,99.63,1,99.63,2,99.63,2
2017-12-07 13:53:50.736,99.61,1,99.61,2,99.61,1
2017-12-07 13:55:53.697,99.60,3,99.60,2,99.60,2
2017-12-07 13:58:28.564,99.59,2,99.59,1,99.59,1
2017-12-07 14:01:38.656,99.57,1,99.57,1,99.57,2
2017-12-07 14:04:16.229,99.57,2,99.57,1,99.57,3
2017-12-07 14:04:32.696,99.57,1,99.57,2,99.57,1
2017-12-07 14:06:23.025,99.58,3,99.58,2,99.58,3
2017-12-07 14:10:07.715,99.56,2,99.56,1,99.56,3
2017-12-07 14:10:26.305,99.56,3,99.56,1,99.56,2
2017-12-07 14:10:29.584,99.56,2,99.56,1,99.56,3
2017-12-07 14:11:14.137,99.55,2,99.55,2,99.55,1
2017-12-07 14:12:11.357,99.55,1,99.55,3,99.55,1
2017-12-07 14:16:29.623,99.57,1,99.57,1,99.57,1
2017-12-07 14:17:51.890,99.55,1,99.55,1,99.55,3
2017-12-07 14:18:52.011,99.53,2,99.53,2,99.53,2
2017-12-07 14:20:01.692,99.53,2,99.53,2,99.53,3
2017-12-07 14:20:06.691,99.52,2,99.52,2,99.52,1
2017-12-07 14:20:30.024,99.52,1,99.52,1,99.52,1
2017-12-07 14:23:04.345,99.52,2,99.52,3,99.52,1
2017-12-07 14:24:11.196,99.54,3,99.54,3,99.54,2
2017-12-07 14:24:52.323,99.55,2,99.55,2,99.55,1
2017-12-07 14:26:57.435,99.58,2,99.58,1,99.58,1
2017-12-07 14:28:13.575,99.58,2,99.58,1,99.58,2
2017-12-07 14:30:50.288,99.56,3,99.56,1,99.56,1
2017-12-07 14:32:02.814,99.55,1,99.55,2,99.55,3
2017-12-07 14:36:34.990,99.56,2,99.56,3,99.56,3
2017-12-07 14:37:54.473,99.55,1,99.55,3,99.55,2
2017-12-07 14:38:26.231,99.55,2,99.55,1,99.55,1
2017-12-07 14:40:21.447,99.54,2,99.54,1,99.54,3
2017-12-07 14:42:18.307,99.54,3,99.54,1,99.54,3
2017-12-07 14:42:41.317,99.53,3,99.53,2,99.53,1
2017-12-07 14:44:35.602,99.56,2,99.56,2,99.56,1
2017-12-07 14:44:43.627,99.56,1,99.56,1,99.56,1
2017-12-07 14:45:06.402,99.56,1,99.56,1,99.56,2
2017-12-07 14:45:47.586,99.56,1,99.56,2,99.56,1
2017-12-07 14:46:33.895,99.56,1,99.56,2,99.56,2
2017-12-07 14:47:33.007,99.57,3,99.57,3,99.57,3
2017-12-07 14:49:47.472,99.58,3,99.58,3,99.58,3
2017-12-07 14:52:01.056,99.61,1,99.61,3,99.61,1
2017-12-07 14:52:12.397,99.61,1,99.61,2,99.61,2
2017-12-07 14:52:44.150,99.61,3,99.61,1,99.61,3
2017-12-07 14:52:52.060,99.61,1,99.61,1,99.61,1
2017-12-07 14:53:15.414,99.61,1,99.61,3,99.61,1
2017-12-07 14:56:09.810,99.64,3,99.64,3,99.64,3
2017-12-07 14:56:30.618,99.64,2,99.64,2,99.64,1
2017-12-07 15:00:30.542,99.65,2,99.65,3,99.65,2
2017-12-07 15:01:20.687,99.64,1,99.64,3,99.64,2
2017-12-07 15:01:50.844,99.63,1,99.63,2,99.63,2
2017-12-07 15:08:44.318,99.57,3,99.57,1,99.57,2
2017-12-07 15:09:44.196,99.56,2,99.56,2,99.56,3
2017-12-07 15:09:48.242,99.56,3,99.56,2,99.56,3
2017-12-07 15:10:04.456,99.55,2,99.55,2,99.55,1
2017-12-07 15:10:10.235,99.55,2,99.55,3,99.55,2
2017-12-07 15:10:33.656,99.56,2,99.56,2,99.56,3
2017-12-07 15:13:08.074,99.57,3,99.57,2,99.57,1
2017-12-07 15:13:36.579,99.57,1,99.57,1,99.57,3
2017-12-07 15:14:38.244,99.59,1,99.59,2,99.59,1
2017-12-07 15:14:52.792,99.59,3,99.59,1,99.59,1
2017-12-07 15:17:02.538,99.59,3,99.59,3,99.59,3
2017-12-07 15:17:36.151,99.58,2,99.58,3,99.58,2
2017-12-07 15:20:43.866,99.61,3,99.61,1,99.61,1
2017-12-07 15:21:53.347,99.60,3,99.60,1,99.60,3
2017-12-07 15:22:22.716,99.61,3,99.61,1,99.61,1
2017-12-07 15:22:54.608,99.61,2,99.61,1,99.61,3
2017-12-07 15:23:50.900,99.61,2,99.61,3,99.61,3
2017-12-07 15:24:15.053,99.61,1,99.61,1,99.61,2
2017-12-07 15:24:24.009,99.61,1,99.61,1,99.61,3
2017-12-07 15:26:59.924,99.60,3,99.60,2,99.60,2
2017-12-07 15:27:42.410,99.60,2,99.60,2,99.60,3
2017-12-07 15:28:25.466,99.61,3,99.61,3,99.61,2
2017-12-07 15:29:38.339,99.61,1,99.61,3,99.61,3
2017-12-07 15:31:34.650,99.62,2,99.62,1,99.62,3
2017-12-07 15:33:02.289,99.65,3,99.65,3,99.65,1
2017-12-07 15:33:52.365,99.65,3,99.65,3,99.65,1
2017-12-07 15:34:09.259,99.65,2,99.65,2,99.65,2
2017-12-07 15:34:39.359,99.64,3,99.64,3,99.64,1
2017-12-07 15:36:23.003,99.66,2,99.66,1,99.66,1
2017-12-07 15:36:57.909,99.65,3,99.65,3,99.65,3
2017-12-07 15:37:58.628,99.64,3,99.64,2,99.64,3
2017-12-07 15:38:40.244,99.63,2,99.63,3,99.63,1
2017-12-07 15:39:23.109,99.62,1,99.62,1,99.62,3
2017-12-07 15:40:04.762,99.63,3,99.63,2,99.63,3
2017-12-07 15:48:00.657,99.66,2,99.66,2,99.66,3
2017-12-07 15:49:53.754,99.63,1,99.63,1,99.63,3
2017-12-07 15:52:40.320,99.62,3,99.62,1,99.62,1
2017-12-07 15:53:30.613,99.62,1,99.62,2,99.62,2
2017-12-07 15:55:09.262,99.63,1,99.63,3,99.63,2
2017-12-07 15:59:20.936,99.64,2,99.64,1,99.64,1
2017-12-07 16:01:55.111,99.61,2,99.61,3,99.61,2
2017-12-07 16:02:09.697,99.60,2,99.60,3,99.60,2
2017-12-07 16:04:55.263,99.60,1,99.60,2,99.60,3
2017-12-07 16:05:08.010,99.60,1,99.60,3,99.60,1
2017-12-07 16:06:45.093,99.61,2,99.61,3,99.61,1
2017-12-07 16:08:17.595,99.60,2,99.60,3,99.60,2
2017-12-07 16:11:06.324,99.62,3,99.62,1,99.62,3
2017-12-07 16:11:11.654,99.62,2,99.62,1,99.62,1
2017-12-07 16:12:03.558,99.61,1,99.61,3,99.61,1
2017-12-07 16:16:38.996,99.60,3,99.60,3,99.60,1
2017-12-07 16:18:15.587,99.60,3,99.60,2,99.60,1
2017-12-07 16:20:00.544,99.55,1,99.55,2,99.55,3
2017-12-07 16:31:03.974,99.53,1,99.53,3,99.53,2
2017-12-07 16:32:23.038,99.54,2,99.54,1,99.54,3
2017-12-07 16:33:35.451,99.53,2,99.53,2,99.53,3
2017-12-07 16:34:25.871,99.51,1,99.51,1,99.51,3
2017-12-07 16:37:50.575,99.57,3,99.57,1,99.57,2
2017-12-07 16:38:30.068,99.57,1,99.57,2,99.57,3
2017-12-07 16:38:59.724,99.57,1,99.57,3,99.57,2
2017-12-07 16:41:50.274,99.58,1,99.58,3,99.58,3
2017-12-07 16:49:09.133,99.54,3,99.54,2,99.54,2
2017-12-07 16:49:25.291,99.53,2,99.53,2,99.53,1
2017-12-07 16:50:15.595,99.54,1,99.54,2,99.54,2
2017-12-07 16:52:20.095,99.53,2,99.53,2,99.53,3
2017-12-07 16:53:24.402,99.53,3,99.53,2,99.53,2
2017-12-07 16:53:24.786,99.53,2,99.53,2,99.53,1
2017-12-07 16:53:41.730,99.53,2,99.53,3,99.53,1
2017-12-07 16:53:53.848,99.53,3,99.53,1,99.53,1
2017-12-07 16:54:56.789,99.53,3,99.53,1,99.53,2
2017-12-07 16:56:36.814,99.55,3,99.55,1,99.55,3
2017-12-07 16:56:40.662,99.55,2,99.55,3,99.55,3
2017-12-07 17:01:54.984,99.55,2,99.55,3,99.55,2
2017-12-07 17:07:23.788,99.58,2,99.58,1,99.58,2
2017-12-07 17:08:31.197,99.58,1,99.58,2,99.58,2
2017-12-07 17:10:44.360,99.57,1,99.57,1,99.57,1
2017-12-07 17:11:01.825,99.58,3,99.58,1,99.58,2
2017-12-07 17:15:33.208,99.54,2,99.54,1,99.54,2
2017-12-07 17:15:49.698,99.54,1,99.54,2,99.54,2
2017-12-07 17:17:56.212,99.55,1,99.55,3,99.55,2
2017-12-07 17:19:18.341,99.55,1,99.55,3,99.55,3
2017-12-07 17:20:55.008,99.54,3,99.54,2,99.54,3
2017-12-07 17:21:21.414,99.53,2,99.53,1,99.53,2
2017-12-07 17:22:50.137,99.54,2,99.54,3,99.54,2
2017-12-07 17:24:58.839,99.55,3,99.55,2,99.55,2
2017-12-07 17:25:34.694,99.54,3,99.54,3,99.54,3
2017-12-07 17:32:15.912,99.52,1,99.52,2,99.52,3
2017-12-07 17:32:52.866,99.52,3,99.52,3,99.52,2
2017-12-07 17:36:15.199,99.50,1,99.50,2,99.50,3
2017-12-07 17:38:13.978,99.52,1,99.52,1,99.52,3
2017-12-07 17:42:48.287,99.53,1,99.53,1,99.53,3
2017-12-07 17:42:51.927,99.54,3,99.54,3,99.54,1
2017-12-07 17:48:55.363,99.56,2,99.56,3,99.56,2
2017-12-07 17:50:05.063,99.55,2,99.55,3,99.55,1
2017-12-07 17:50:39.641,99.54,1,99.54,2,99.54,3
2017-12-07 17:51:25.691,99.55,2,99.55,1,99.55,3
2017-12-07 17:51:29.461,99.55,1,99.55,3,99.55,2
2017-12-07 17:54:53.952,99.52,3,99.52,3,99.52,2
2017-12-07 17:55:37.562,99.53,3,99.53,1,99.53,2
2017-12-07 17:57:38.684,99.51,2,99.51,2,99.51,1
2017-12-07 18:00:26.007,99.52,2,99.52,1,99.52,2
2017-12-07 18:03:42.224,99.55,3,99.55,2,99.55,2
2017-12-07 18:04:06.905,99.56,2,99.56,3,99.56,1
2017-12-07 18:04:29.061,99.56,3,99.56,3,99.56,3
2017-12-07 18:04:35.241,99.56,1,99.56,3,99.56,2
2017-12-07 18:05:38.563,99.56,1,99.56,3,99.56,2
2017-12-07 18:05:56.599,99.55,3,99.55,3,99.55,1
2017-12-07 18:05:56.747,99.55,2,99.55,1,99.55,3
2017-12-07 18:08:17.246,99.53,2,99.53,2,99.53,3
2017-12-07 18:12:14.007,99.52,2,99.52,1,99.52,2
2017-12-07 18:15:20.627,99.54,1,99.54,2,99.54,2
2017-12-07 18:15:35.999,99.55,1,99.55,1,99.55,1
2017-12-07 18:19:09.712,99.52,2,99.52,1,99.52,2
2017-12-07 18:21:55.601,99.51,3,99.51,1,99.51,3
2017-12-07 18:22:55.644,99.50,2,99.50,2,99.50,3
2017-12-07 18:25:39.540,99.49,3,99.49,2,99.49,2
2017-12-07 18:26:53.943,99.49,3,99.49,3,99.49,2
2017-12-07 18:27:26.419,99.49,3,99.49,3,99.49,1
2017-12-07 18:28:40.957,99.49,1,99.49,2,99.49,3
2017-12-07 18:29:03.023,99.49,1,99.49,1,99.49,2
2017-12-07 18:29:18.464,99.50,1,99.50,1,99.50,1
2017-12-07 18:30:01.299,99.51,3,99.51,3,99.51,3
2017-12-07 18:30:22.924,99.51,3,99.51,1,99.51,1
2017-12-07 18:31:16.778,99.50,1,99.50,2,99.50,3
2017-12-07 18:32:40.712,99.50,1,99.50,1,99.50,2
2017-12-07 18:33:03.084,99.50,3,99.50,3,99.50,2
2017-12-07 18:33:15.950,99.50,1,99.50,3,99.50,1
2017-12-07 18:33:36.347,99.50,2,99.50,1,99.50,3
2017-12-07 18:33:46.490,99.51,1,99.51,1,99.51,1
2017-12-07 18:34:08.586,99.49,2,99.49,1,99.49,1
2017-12-07 18:34:35.685,99.49,2,99.49,2,99.49,2
2017-12-07 18:35:18.822,99.51,3,99.51,3,99.51,3
2017-12-07 18:35:27.807,99.51,3,99.51,1,99.51,1
2017-12-07 18:35:32.340,99.50,3,99.50,3,99.50,2
2017-12-07 18:51:36.837,99.56,1,99.56,3,99.56,2
2017-12-07 18:51:56.061,99.56,1,99.56,2,99.56,2
2017-12-07 18:52:14.083,99.55,2,99.55,3,99.55,2
2017-12-07 18:54:37.166,99.59,2,99.59,2,99.59,1
2017-12-07 18:57:18.341,99.62,2,99.62,3,99.62,3
2017-12-07 18:58:44.899,99.63,1,99.63,1,99.63,2
2017-12-07 18:59:06.899,99.63,2,99.63,3,99.63,3
2017-12-07 18:59:32.876,99.63,1,99.63,1,99.63,1
2017-12-07 18:59:43.813,99.63,1,99.63,3,99.63,1
2017-12-07 19:03:35.312,99.59,3,99.59,3,99.59,2
2017-12-07 19:04:40.095,99.61,2,99.61,1,99.61,2
2017-12-07 19:05:06.607,99.61,3,99.61,2,99.61,2
2017-12-07 19:05:49.828,99.61,2,99.61,3,99.61,2
2017-12-07 19:08:03.434,99.60,2,99.60,3,99.60,1
2017-12-07 19:10:14.253,99.59,1,99.59,1,99.59,1
2017-12-07 19:11:26.735,99.58,3,99.58,2,99.58,1
2017-12-07 19:14:48.235,99.57,3,99.57,3,99.57,2
2017-12-07 19:15:14.168,99.56,2,99.56,2,99.56,1
2017-12-07 19:15:19.353,99.56,2,99.56,1,99.56,3
2017-12-07 19:16:01.322,99.55,3,99.55,3,99.55,3
2017-12-07 19:16:44.385,99.55,2,99.55,3,99.55,3
2017-12-07 19:16:50.815,99.55,2,99.55,2,99.55,3
2017-12-07 19:17:16.020,99.55,2,99.55,3,99.55,3
2017-12-07 19:17:16.658,99.55,3,99.55,3,99.55,3
2017-12-07 19:17:25.795,99.56,1,99.56,2,99.56,3
2017-12-07 19:18:12.880,99.56,1,99.56,1,99.56,3
2017-12-07 19:21:19.301,99.59,1,99.59,2,99.59,1
2017-12-07 19:21:34.759,99.59,2,99.59,1,99.59,2
2017-12-07 19:22:05.193,99.59,3,99.59,2,99.59,2
2017-12-07 19:24:05.999,99.60,2,99.60,3,99.60,1
2017-12-07 19:24:57.509,99.61,2,99.61,3,99.61,3
2017-12-07 19:27:07.953,99.63,1,99.63,3,99.63,1
2017-12-07 19:28:54.697,99.63,1,99.63,3,99.63,3
2017-12-07 19:31:15.037,99.64,3,99.64,3,99.64,3
2017-12-07 19:31:33.501,99.64,2,99.64,3,99.64,3
2017-12-07 19:33:58.221,99.64,3,99.64,2,99.64,3
2017-12-07 19:34:59.299,99.63,1,99.63,2,99.63,2
2017-12-07 19:35:47.770,99.63,3,99.63,2,99.63,1
2017-12-07 19:37:53.392,99.62,1,99.62,3,99.62,3
2017-12-07 19:38:24.743,99.61,2,99.61,3,99.61,3
2017-12-07 19:39:09.161,99.60,2,99.60,3,99.60,1
2017-12-07 19:39:19.205,99.60,1,99.60,3,99.60,1
2017-12-07 19:43:27.824,99.60,1,99.60,1,99.60,3
2017-12-07 19:43:50.387,99.60,1,99.60,2,99.60,2
2017-12-07 19:44:59.094,99.60,2,99.60,1,99.60,3
2017-12-07 19:45:08.236,99.60,3,99.60,2,99.60,1
2017-12-07 19:46:27.619,99.59,3,99.59,3,99.59,2
2017-12-07 19:50:16.705,99.61,2,99.61,3,99.61,1
2017-12-07 19:51:17.600,99.59,3,99.59,3,99.59,3
2017-12-07 19:52:45.231,99.60,3,99.60,1,99.60,2
2017-12-07 19:53:55.340,99.60,3,99.60,2,99.60,1
2017-12-07 19:54:01.019,99.60,2,99.60,2,99.60,2
2017-12-07 20:01:42.992,99.61,2,99.61,1,99.61,3
2017-12-07 20:03:22.167,99.62,2,99.62,2,99.62,3
2017-12-07 20:03:40.619,99.62,1,99.62,2,99.62,3
2017-12-07 20:03:53.324,99.62,1,99.62,2,99.62,2
2017-12-07 20:04:03.736,99.61,3,99.61,2,99.61,1
2017-12-07 20:06:35.686,99.58,1,99.58,3,99.58,1
2017-12-07 20:09:54.351,99.59,2,99.59,2,99.59,2
2017-12-07 20:10:03.275,99.59,1,99.59,3,99.59,3
2017-12-07 20:13:29.642,99.61,1,99.61,2,99.61,3
2017-12-07 20:23:33.386,99.67,3,99.67,3,99.67,3
2017-12-07 20:28:21.593,99.69,1,99.69,2,99.69,1
2017-12-07 20:30:33.695,99.69,1,99.69,1,99.69,2
2017-12-07 20:31:05.126,99.70,2,99.70,3,99.70,2
2017-12-07 20:34:50.873,99.68,1,99.68,1,99.68,3
2017-12-07 20:35:32.187,99.68,3,99.68,2,99.68,3
2017-12-07 20:35:57.141,99.68,2,99.68,1,99.68,2
2017-12-07 20:36:43.378,99.67,1,99.67,3,99.67,2
2017-12-07 20:37:11.294,99.67,3,99.67,3,99.67,2
2017-12-07 20:40:35.877,99.68,3,99.68,3,99.68,1
2017-12-07 20:40:45.530,99.68,3,99.68,2,99.68,2
2017-12-07 20:41:10.304,99.69,1,99.69,3,99.69,2
2017-12-07 20:41:58.556,99.69,2,99.69,3,99.69,3
2017-12-07 20:43:20.267,99.68,3,99.68,1,99.68,1
2017-12-07 20:44:12.563,99.68,3,99.68,3,99.68,1
2017-12-07 20:47:13.421,99.68,1,99.68,3,99.68,2
2017-12-07 20:50:36.117,99.69,3,99.69,1,99.69,1
2017-12-07 20:51:59.613,99.71,3,99.71,3,99.71,2
2017-12-07 20:52:26.063,99.71,1,99.71,1,99.71,2
2017-12-07 20:53:17.572,99.73,2,99.73,2,99.73,2
2017-12-07 20:53:36.358,99.72,2,99.72,3,99.72,2
2017-12-07 20:56:19.162,99.69,2,99.69,2,99.69,3
2017-12-07 20:56:19.999,99.69,1,99.69,1,99.69,3
2017-12-07 20:58:11.757,99.70,3,99.70,1,99.70,2
2017-12-07 20:58:24.872,99.71,2,99.71,1,99.71,1
2017-12-07 20:58:29.367,99.71,3,99.71,3,99.71,1
2017-12-07 20:59:14.030,99.72,3,99.72,1,99.72,3
2017-12-07 20:59:50.952,99.71,3,99.71,2,99.71,2
2017-12-07 21:00:49.281,99.70,3,99.70,1,99.70,1
2017-12-07 21:02:18.337,99.69,3,99.69,3,99.69,3
2017-12-07 21:04:43.475,99.69,3,99.69,3,99.69,2
2017-12-07 21:04:59.129,99.69,1,99.69,2,99.69,3
2017-12-07 21:07:02.462,99.68,2,99.68,3,99.68,3
2017-12-07 21:09:49.907,99.70,1,99.70,2,99.70,3
2017-12-07 21:12:12.655,99.71,2,99.71,2,99.71,3
2017-12-07 21:13:07.589,99.69,1,99.69,2,99.69,2
2017-12-07 21:15:18.815,99.67,2,99.67,1,99.67,3
2017-12-07 21:15:46.597,99.68,3,99.68,2,99.68,1
2017-12-07 21:17:57.631,99.65,2,99.65,3,99.65,2
2017-12-07 21:18:32.601,99.65,2,99.65,2,99.65,1
2017-12-07 21:20:27.021,99.62,2,99.62,1,99.62,2
2017-12-07 21:21:05.722,99.63,3,99.63,3,99.63,2
2017-12-07 21:29:12.233,99.61,3,99.61,2,99.61,3
2017-12-07 21:29:25.933,99.62,1,99.62,2,99.62,2
2017-12-07 21:30:34.600,99.60,1,99.60,3,99.60,1
2017-12-07 21:32:27.649,99.61,3,99.61,1,99.61,2
2017-12-07 21:42:16.068,99.65,3,99.65,2,99.65,2
2017-12-07 21:47:17.971,99.66,2,99.66,1,99.66,2
2017-12-07 21:47:47.749,99.66,2,99.66,2,99.66,3
2017-12-07 21:48:34.806,99.67,2,99.67,1,99.67,3
2017-12-07 21:48:44.690,99.67,3,99.67,2,99.67,1
2017-12-07 21:49:38.297,99.67,3,99.67,2,99.67,3
2017-12-07 21:50:15.344,99.68,2,99.68,1,99.68,2
2017-12-07 21:50:41.578,99.67,2,99.67,2,99.67,2
2017-12-07 21:59:51.373,99.63,3,99.63,1,99.63,3
2017-12-07 22:02:53.118,99.63,3,99.63,2,99.63,2
2017-12-07 22:05:37.201,99.62,1,99.62,3,99.62,1
2017-12-07 22:08:36.415,99.62,1,99.62,2,99.62,1
2017-12-07 22:11:36.303,99.65,2,99.65,3,99.65,2
2017-12-07 22:11:39.547,99.64,1,99.64,3,99.64,1
2017-12-07 22:14:31.190,99.66,1,99.66,1,99.66,2
2017-12-07 22:16:20.400,99.65,1,99.65,2,99.65,1
2017-12-07 22:17:32.273,99.64,3,99.64,1,99.64,3
2017-12-07 22:19:18.356,99.67,2,99.67,2,99.67,2
2017-12-07 22:21:18.749,99.69,1,99.69,3,99.69,2
2017-12-07 22:23:42.887,99.69,1,99.69,1,99.69,1
2017-12-07 22:24:55.561,99.70,2,99.70,1,99.70,3
2017-12-07 22:29:02.180,99.69,2,99.69,1,99.69,3
2017-12-07 22:29:05.832,99.69,1,99.69,2,99.69,1
2017-12-07 22:29:39.654,99.70,1,99.70,2,99.70,2
2017-12-07 22:30:20.238,99.70,2,99.70,3,99.70,3
2017-12-07 22:32:29.981,99.70,1,99.70,1,99.70,3
2017-12-07 22:33:12.170,99.71,3,99.71,3,99.71,3
2017-12-07 22:34:31.687,99.70,1,99.70,2,99.70,1
2017-12-07 22:38:02.231,99.70,2,99.70,2,99.70,3
2017-12-07 22:39:32.243,99.72,2,99.72,1,99.72,2
2017-12-07 22:43:10.353,99.70,2,99.70,3,99.70,2
2017-12-07 22:43:16.024,99.70,1,99.70,1,99.70,2
2017-12-07 22:43:29.799,99.70,3,99.70,1,99.70,3
2017-12-07 22:45:53.574,99.68,1,99.68,1,99.68,1
2017-12-07 22:45:54.011,99.68,3,99.68,1,99.68,2
2017-12-07 22:46:55.504,99.68,2,99.68,1,99.68,1
2017-12-07 22:47:39.367,99.68,2,99.68,1,99.68,2
2017-12-07 22:49:17.425,99.69,2,99.69,2,99.69,2
2017-12-07 22:50:04.753,99.69,3,99.69,2,99.69,3
2017-12-07 22:50:50.999,99.70,1,99.70,2,99.70,3
2017-12-07 22:51:04.540,99.70,1,99.70,3,99.70,3
2017-12-07 22:51:06.404,99.70,3,99.70,1,99.70,3
2017-12-07 22:52:49.668,99.71,3,99.71,3,99.71,3
2017-12-07 22:54:00.974,99.69,3,99.69,3,99.69,3
2017-12-07 22:59:00.909,99.70,3,99.70,3,99.70,2
2017-12-07 23:00:32.803,99.69,1,99.69,2,99.69,1
2017-12-07 23:02:28.821,99.71,1,99.71,2,99.71,2
2017-12-07 23:02:39.232,99.71,3,99.71,3,99.71,1
2017-12-07 23:02:54.335,99.72,2,99.72,3,99.72,2
2017-12-07 23:02:57.123,99.72,2,99.72,2,99.72,2
2017-12-07 23:03:48.779,99.71,3,99.71,2,99.71,2
2017-12-07 23:04:22.910,99.72,2,99.72,3,99.72,1
2017-12-07 23:05:13.593,99.71,2,99.71,2,99.71,1
2017-12-07 23:07:56.311,99.73,2,99.73,3,99.73,2
2017-12-07 23:13:25.606,99.71,2,99.71,1,99.71,3
2017-12-07 23:14:05.737,99.72,3,99.72,2,99.72,2
2017-12-07 23:14:31.210,99.72,1,99.72,2,99.72,1
2017-12-07 23:16:25.775,99.71,1,99.71,3,99.71,2
2017-12-07 23:16:43.040,99.71,3,99.71,3,99.71,2
2017-12-07 23:20:48.986,99.69,3,99.69,3,99.69,1
2017-12-07 23:21:09.159,99.70,2,99.70,2,99.70,3
2017-12-07 23:21:23.723,99.70,2,99.70,2,99.70,1
2017-12-07 23:27:09.985,99.71,2,99.71,1,99.71,1
2017-12-07 23:27:23.220,99.71,2,99.71,2,99.71,2
2017-12-07 23:29:35.332,99.73,1,99.73,2,99.73,1
2017-12-07 23:29:50.687,99.73,3,99.73,2,99.73,3
2017-12-07 23:30:15.894,99.74,3,99.74,3,99.74,3
2017-12-07 23:31:56.952,99.74,2,99.74,2,99.74,2
2017-12-07 23:34:19.810,99.73,3,99.73,2,99.73,2
2017-12-07 23:38:54.741,99.73,2,99.73,3,99.73,3
2017-12-07 23:44:52.019,99.70,1,99.70,1,99.70,1
2017-12-07 23:45:10.783,99.71,2,99.71,1,99.71,1
2017-12-07 23:46:39.951,99.72,1,99.72,3,99.72,3
2017-12-07 23:47:58.090,99.72,2,99.72,1,99.72,2
2017-12-07 23:48:00.007,99.72,1,99.72,3,99.72,3
2017-12-07 23:48:21.739,99.72,2,99.72,1,99.72,2
2017-12-07 23:48:35.321,99.72,3,99.72,1,99.72,1
2017-12-07 23:48:59.518,99.72,1,99.72,2,99.72,1
2017-12-07 23:51:30.664,99.74,1,99.74,1,99.74,2
2017-12-07 23:52:37.921,99.72,3,99.72,1,99.72,1
2017-12-07 23:52:47.490,99.73,2,99.73,2,99.73,1
2017-12-07 23:54:34.105,99.72,1,99.72,3,99.72,2
2017-12-07 23:54:38.693,99.72,2,99.72,2,99.72,3
2017-12-07 23:56:01.428,99.70,1,99.70,1,99.70,1
2017-12-07 23:56:07.574,99.70,2,99.70,2,99.70,2
2017-12-07 23:57:19.306,99.71,1,99.71,1,99.71,2
2017-12-07 23:58:10.081,99.73,1,99.73,2,99.73,3
2017-12-07 23:59:26.270,99.71,2,99.71,1,99.71,3
