2017-12-07 00:00:43.083,100.01,2,100.01,3,100.01,1
2017-12-07 00:02:37.476,100.00,3,100.00,3,100.00,1
2017-12-07 00:03:01.659,100.00,1,100.00,1,100.00,1
2017-12-07 00:03:16.626,99.99,2,99.99,3,99.99,3
2017-12-07 00:03:50.131,99.98,2,99.98,3,99.98,3
2017-12-07 00:08:17.593,99.96,3,99.96,3,99.96,3
2017-12-07 00:09:04.366,99.95,2,99.95,3,99.95,2
2017-12-07 00:09:37.542,99.97,2,99.97,3,99.97,3
2017-12-07 00:11:38.721,99.96,1,99.96,2,99.96,1
2017-12-07 00:14:08.234,99.95,1,99.95,1,99.95,3
2017-12-07 00:16:26.744,99.92,2,99.92,3,99.92,1
2017-12-07 00:18:26.344,99.93,1,99.93,1,99.93,2
2017-12-07 00:18:49.159,99.93,3,99.93,3,99.93,2
2017-12-07 00:21:54.210,99.93,2,99.93,3,99.93,2
2017-12-07 00:23:39.294,99.95,3,99.95,3,99.95,3
2017-12-07 00:24:25.805,99.95,1,99.95,1,99.95,2
2017-12-07 00:27:11.576,99.95,3,99.95,1,99.95,1
2017-12-07 00:30:31.797,99.94,1,99.94,2,99.94,3
2017-12-07 00:32:24.366,99.94,2,99.94,1,99.94,1
2017-12-07 00:34:29.871,99.95,1,99.95,3,99.95,1
2017-12-07 00:35:30.405,99.97,3,99.97,3,99.97,1
2017-12-07 00:36:22.275,99.97,1,99.97,1,99.97,2
2017-12-07 00:36:25.300,99.97,1,99.97,2,99.97,1
2017-12-07 00:36:40.807,99.96,2,99.96,3,99.96,1
2017-12-07 00:38:14.575,99.98,1,99.98,1,99.98,2
2017-12-07 00:40:56.388,100.00,3,100.00,2,100.00,2
2017-12-07 00:41:12.180,99.99,2,99.99,1,99.99,1
2017-12-07 00:41:27.891,100.00,1,100.00,2,100.00,1
2017-12-07 00:41:51.212,100.00,2,100.00,3,100.00,3
2017-12-07 00:43:08.677,100.00,2,100.00,2,100.00,1
2017-12-07 00:45:12.485,100.02,1,100.02,1,100.02,2
2017-12-07 00:45:40.332,100.02,3,100.02,1,100.02,2
2017-12-07 00:46:14.135,100.01,2,100.01,2,100.01,3
2017-12-07 00:46:23.586,100.01,2,100.01,2,100.01,2
2017-12-07 00:46:51.410,100.01,1,100.01,2,100.01,2
2017-12-07 00:48:25.002,99.99,2,99.99,2,99.99,1
2017-12-07 00:49:53.174,99.99,2,99.99,3,99.99,2
2017-12-07 00:51:46.653,100.00,1,100.00,2,100.00,1
2017-12-07 00:55:28.284,99.98,3,99.98,1,99.98,3
2017-12-07 00:57:05.357,99.98,2,99.98,1,99.98,3
2017-12-07 00:59:09.138,99.98,1,99.98,3,99.98,1
2017-12-07 00:59:45.734,99.98,3,99.98,1,99.98,2
2017-12-07 01:04:59.803,99.97,2,99.97,2,99.97,2
2017-12-07 01:05:59.689,99.98,1,99.98,2,99.98,1
2017-12-07 01:10:16.059,99.96,1,99.96,2,99.96,3
2017-12-07 01:10:29.135,99.96,1,99.96,1,99.96,1
2017-12-07 01:10:37.528,99.96,1,99.96,1,99.96,3
2017-12-07 01:10:57.371,99.96,3,99.96,3,99.96,1
2017-12-07 01:11:45.831,99.96,2,99.96,1,99.96,3
2017-12-07 01:13:08.627,99.97,2,99.97,3,99.97,1
2017-12-07 01:13:47.241,99.97,3,99.97,1,99.97,3
2017-12-07 01:15:13.872,99.97,1,99.97,1,99.97,3
2017-12-07 01:15:42.111,99.96,1,99.96,2,99.96,2
2017-12-07 01:16:20.975,99.97,1,99.97,1,99.97,1
2017-12-07 01:16:24.835,99.98,3,99.98,1,99.98,2
2017-12-07 01:17:08.706,99.98,1,99.98,3,99.98,1
2017-12-07 01:20:34.238,99.99,1,99.99,2,99.99,1
2017-12-07 01:21:31.358,99.99,2,99.99,3,99.99,1
2017-12-07 01:22:34.833,99.99,2,99.99,1,99.99,2
2017-12-07 01:22:54.358,99.99,1,99.99,2,99.99,1
2017-12-07 01:27:31.248,99.98,2,99.98,2,99.98,3
2017-12-07 01:29:51.006,99.98,2,99.98,2,99.98,3
2017-12-07 01:30:19.133,99.97,1,99.97,3,99.97,3
2017-12-07 01:30:35.687,99.98,3,99.98,2,99.98,2
2017-12-07 01:35:27.838,99.97,2,99.97,2,99.97,1
2017-12-07 01:36:16.600,99.97,2,99.97,1,99.97,1
2017-12-07 01:44:18.981,99.97,3,99.97,1,99.97,3
2017-12-07 01:46:28.169,99.95,2,99.95,1,99.95,3
2017-12-07 01:47:55.618,99.94,1,99.94,1,99.94,1
2017-12-07 01:50:22.933,99.95,1,99.95,3,99.95,3
2017-12-07 01:51:26.135,99.95,1,99.95,2,99.95,3
2017-12-07 01:51:26.431,99.95,3,99.95,2,99.95,2
2017-12-07 01:51:53.065,99.95,1,99.95,1,99.95,3
2017-12-07 01:52:37.406,99.95,1,99.95,1,99.95,3
2017-12-07 01:53:23.965,99.94,3,99.94,1,99.94,2
2017-12-07 01:55:28.604,99.96,1,99.96,2,99.96,3
2017-12-07 01:59:48.324,99.97,1,99.97,2,99.97,3
2017-12-07 02:00:03.904,99.97,1,99.97,2,99.97,2
2017-12-07 02:03:16.753,99.92,1,99.92,1,99.92,3
2017-12-07 02:03:45.232,99.93,3,99.93,1,99.93,2
2017-12-07 02:06:46.848,99.92,2,99.92,3,99.92,2
2017-12-07 02:07:19.986,99.93,1,99.93,3,99.93,2
2017-12-07 02:11:37.354,99.92,3,99.92,1,99.92,3
2017-12-07 02:13:46.278,99.95,2,99.95,3,99.95,3
2017-12-07 02:14:18.516,99.94,1,99.94,2,99.94,3
2017-12-07 02:14:27.678,99.94,2,99.94,2,99.94,2
2017-12-07 02:18:23.611,99.95,2,99.95,2,99.95,1
2017-12-07 02:19:21.477,99.95,1,99.95,2,99.95,2
2017-12-07 02:21:13.609,99.97,1,99.97,2,99.97,3
2017-12-07 02:25:31.419,99.99,2,99.99,2,99.99,1
2017-12-07 02:26:53.158,100.00,2,100.00,3,100.00,3
2017-12-07 02:26:57.537,100.00,2,100.00,3,100.00,1
2017-12-07 02:29:02.792,100.01,1,100.01,3,100.01,1
2017-12-07 02:32:11.055,99.97,2,99.97,1,99.97,1
2017-12-07 02:32:18.945,99.96,3,99.96,1,99.96,3
2017-12-07 02:34:30.650,99.95,1,99.95,3,99.95,3
2017-12-07 02:35:50.855,99.95,1,99.95,2,99.95,2
2017-12-07 02:37:26.842,99.93,3,99.93,2,99.93,2
2017-12-07 02:38:14.824,99.93,3,99.93,1,99.93,2
2017-12-07 02:41:18.608,99.93,1,99.93,2,99.93,3
2017-12-07 02:41:38.987,99.93,1,99.93,2,99.93,2
2017-12-07 02:43:59.390,99.92,1,99.92,2,99.92,1
2017-12-07 02:48:47.169,99.90,2,99.90,3,99.90,3
2017-12-07 02:51:13.040,99.89,3,99.89,3,99.89,2
2017-12-07 02:51:26.873,99.89,2,99.89,1,99.89,3
2017-12-07 02:51:46.482,99.89,3,99.89,2,99.89,1
2017-12-07 02:53:12.419,99.89,1,99.89,3,99.89,1
2017-12-07 02:58:56.034,99.91,2,99.91,2,99.91,2
2017-12-07 02:59:32.616,99.91,1,99.91,1,99.91,3
2017-12-07 03:02:04.131,99.90,3,99.90,1,99.90,2
2017-12-07 03:02:38.180,99.91,1,99.91,1,99.91,2
2017-12-07 03:04:24.441,99.89,3,99.89,2,99.89,2
2017-12-07 03:05:39.290,99.89,1,99.89,1,99.89,3
2017-12-07 03:06:22.843,99.90,3,99.90,1,99.90,2
2017-12-07 03:08:00.772,99.89,2,99.89,1,99.89,2
2017-12-07 03:11:46.287,99.90,3,99.90,1,99.90,3
2017-12-07 03:12:01.634,99.90,3,99.90,1,99.90,1
2017-12-07 03:13:19.442,99.92,3,99.92,3,99.92,2
2017-12-07 03:15:59.417,99.92,1,99.92,3,99.92,1
2017-12-07 03:20:44.673,99.91,3,99.91,3,99.91,1
2017-12-07 03:21:48.977,99.90,3,99.90,2,99.90,3
2017-12-07 03:24:04.994,99.87,1,99.87,3,99.87,2
2017-12-07 03:25:49.931,99.86,1,99.86,3,99.86,1
2017-12-07 03:26:51.417,99.88,3,99.88,2,99.88,2
2017-12-07 03:27:18.386,99.89,3,99.89,2,99.89,3
2017-12-07 03:27:41.764,99.90,2,99.90,2,99.90,3
2017-12-07 03:29:57.886,99.89,2,99.89,1,99.89,1
2017-12-07 03:31:00.101,99.90,3,99.90,3,99.90,1
2017-12-07 03:32:32.876,99.91,2,99.91,2,99.91,1
2017-12-07 03:38:22.281,99.93,1,99.93,2,99.93,3
2017-12-07 03:40:46.343,99.93,2,99.93,1,99.93,3
2017-12-07 03:41:28.610,99.91,3,99.91,1,99.91,3
2017-12-07 03:45:06.433,99.91,3,99.91,1,99.91,2
2017-12-07 03:46:28.318,99.92,3,99.92,3,99.92,3
2017-12-07 03:48:43.797,99.90,3,99.90,2,99.90,1
2017-12-07 03:49:08.822,99.90,1,99.90,2,99.90,3
2017-12-07 03:50:07.890,99.90,2,99.90,3,99.90,3
2017-12-07 03:50:38.006,99.91,1,99.91,2,99.91,3
2017-12-07 03:51:50.676,99.92,2,99.92,3,99.92,2
2017-12-07 03:53:04.410,99.91,3,99.91,3,99.91,2
2017-12-07 03:53:21.892,99.91,2,99.91,3,99.91,1
2017-12-07 03:58:35.469,99.95,3,99.95,2,99.95,1
2017-12-07 03:58:44.507,99.95,2,99.95,3,99.95,3
2017-12-07 03:59:36.955,99.95,1,99.95,1,99.95,1
2017-12-07 03:59:51.905,99.96,1,99.96,2,99.96,1
2017-12-07 04:00:14.693,99.95,2,99.95,3,99.95,1
2017-12-07 04:01:49.926,99.97,2,99.97,3,99.97,2
2017-12-07 04:03:07.267,99.94,2,99.94,2,99.94,2
2017-12-07 04:04:52.664,99.94,3,99.94,3,99.94,1
2017-12-07 04:04:54.219,99.94,1,99.94,2,99.94,3
2017-12-07 04:05:28.756,99.95,2,99.95,1,99.95,3
2017-12-07 04:07:16.357,99.94,2,99.94,3,99.94,1
2017-12-07 04:07:46.392,99.95,1,99.95,2,99.95,1
2017-12-07 04:10:11.320,99.94,2,99.94,3,99.94,3
2017-12-07 04:10:13.272,99.94,3,99.94,2,99.94,2
2017-12-07 04:10:18.717,99.94,1,99.94,2,99.94,1
2017-12-07 04:12:59.096,99.92,2,99.92,1,99.92,3
2017-12-07 04:13:21.385,99.92,2,99.92,3,99.92,2
2017-12-07 04:13:28.978,99.92,3,99.92,1,99.92,3
2017-12-07 04:16:26.568,99.94,1,99.94,3,99.94,1
2017-12-07 04:16:46.600,99.94,1,99.94,3,99.94,1
2017-12-07 04:18:31.213,99.95,3,99.95,1,99.95,1
2017-12-07 04:19:50.741,99.97,2,99.97,3,99.97,1
2017-12-07 04:20:02.332,99.98,1,99.98,1,99.98,3
2017-12-07 04:20:50.467,99.97,1,99.97,1,99.97,1
2017-12-07 04:23:23.601,99.97,3,99.97,2,99.97,2
2017-12-07 04:25:24.668,99.95,2,99.95,3,99.95,1
2017-12-07 04:31:03.908,99.98,2,99.98,3,99.98,1
2017-12-07 04:31:52.588,99.99,3,99.99,1,99.99,3
2017-12-07 04:34:09.645,100.03,1,100.03,1,100.03,1
2017-12-07 04:39:16.664,99.97,3,99.97,1,99.97,2
2017-12-07 04:40:14.060,99.98,1,99.98,1,99.98,2
2017-12-07 04:45:10.301,99.99,1,99.99,1,99.99,3
2017-12-07 04:45:18.545,99.99,3,99.99,1,99.99,3
2017-12-07 04:45:23.604,99.98,1,99.98,2,99.98,3
2017-12-07 04:45:32.572,99.98,1,99.98,2,99.98,3
2017-12-07 04:45:57.613,99.97,2,99.97,2,99.97,1
2017-12-07 04:46:46.450,99.96,3,99.96,2,99.96,2
2017-12-07 04:52:45.708,99.92,1,99.92,3,99.92,2
2017-12-07 04:55:01.092,99.90,3,99.90,3,99.90,3
2017-12-07 04:55:36.365,99.89,2,99.89,2,99.89,1
2017-12-07 04:55:57.689,99.88,2,99.88,3,99.88,2
2017-12-07 04:56:24.792,99.88,3,99.88,2,99.88,2
2017-12-07 04:57:32.493,99.87,2,99.87,2,99.87,3
2017-12-07 04:59:21.360,99.88,2,99.88,3,99.88,1
2017-12-07 05:02:31.479,99.89,3,99.89,2,99.89,1
2017-12-07 05:02:38.381,99.89,2,99.89,2,99.89,2
2017-12-07 05:02:56.922,99.89,2,99.89,2,99.89,2
2017-12-07 05:04:15.448,99.90,1,99.90,2,99.90,3
2017-12-07 05:09:51.165,99.90,1,99.90,3,99.90,1
2017-12-07 05:11:06.676,99.90,3,99.90,3,99.90,1
2017-12-07 05:11:25.718,99.91,2,99.91,3,99.91,1
2017-12-07 05:12:36.836,99.90,2,99.90,1,99.90,3
2017-12-07 05:13:01.781,99.91,2,99.91,2,99.91,1
2017-12-07 05:24:57.384,99.90,3,99.90,1,99.90,2
2017-12-07 05:27:03.044,99.89,1,99.89,1,99.89,2
2017-12-07 05:28:07.721,99.91,1,99.91,1,99.91,2
2017-12-07 05:28:16.151,99.91,1,99.91,3,99.91,3
2017-12-07 05:31:24.779,99.93,1,99.93,1,99.93,3
2017-12-07 05:32:56.188,99.94,2,99.94,2,99.94,3
2017-12-07 05:34:10.590,99.94,3,99.94,2,99.94,3
2017-12-07 05:34:53.075,99.96,2,99.96,2,99.96,3
2017-12-07 05:35:46.186,99.95,3,99.95,3,99.95,2
2017-12-07 05:35:49.223,99.95,3,99.95,2,99.95,3
2017-12-07 05:35:57.285,99.95,2,99.95,2,99.95,1
2017-12-07 05:36:51.392,99.94,3,99.94,1,99.94,1
2017-12-07 05:37:19.333,99.94,1,99.94,2,99.94,2
2017-12-07 05:37:23.410,99.95,1,99.95,2,99.95,2
2017-12-07 05:37:53.961,99.95,1,99.95,2,99.95,3
2017-12-07 05:40:45.147,99.96,3,99.96,3,99.96,3
2017-12-07 05:48:45.506,99.92,2,99.92,2,99.92,3
2017-12-07 05:49:35.067,99.93,1,99.93,1,99.93,3
2017-12-07 05:51:54.189,99.95,3,99.95,2,99.95,1
2017-12-07 05:52:43.171,99.97,1,99.97,3,99.97,2
2017-12-07 05:54:38.478,99.96,1,99.96,3,99.96,3
2017-12-07 05:57:07.833,99.95,2,99.95,3,99.95,1
2017-12-07 05:57:26.703,99.96,3,99.96,1,99.96,1
2017-12-07 06:07:04.517,99.92,1,99.92,1,99.92,3
2017-12-07 06:07:09.590,99.92,3,99.92,2,99.92,1
2017-12-07 06:11:23.094,99.95,2,99.95,3,99.95,2
2017-12-07 06:11:31.872,99.95,1,99.95,1,99.95,1
2017-12-07 06:12:34.003,99.95,1,99.95,3,99.95,2
2017-12-07 06:12:50.191,99.95,3,99.95,1,99.95,1
2017-12-07 06:13:51.953,99.94,3,99.94,2,99.94,1
2017-12-07 06:16:43.867,99.95,2,99.95,1,99.95,2
2017-12-07 06:18:28.957,99.95,3,99.95,1,99.95,2
2017-12-07 06:19:59.997,99.96,3,99.96,1,99.96,1
2017-12-07 06:24:03.461,99.99,1,99.99,1,99.99,1
2017-12-07 06:25:23.478,99.98,1,99.98,1,99.98,2
2017-12-07 06:26:33.671,99.99,1,99.99,3,99.99,1
2017-12-07 06:27:30.473,99.97,3,99.97,1,99.97,2
2017-12-07 06:28:10.377,99.97,1,99.97,1,99.97,2
2017-12-07 06:29:12.735,99.98,2,99.98,1,99.98,3
2017-12-07 06:32:34.190,99.97,2,99.97,2,99.97,3
2017-12-07 06:34:42.689,99.97,2,99.97,1,99.97,1
2017-12-07 06:35:17.125,99.97,2,99.97,3,99.97,2
2017-12-07 06:37:02.784,99.97,2,99.97,3,99.97,3
2017-12-07 06:38:42.465,99.96,3,99.96,2,99.96,2
2017-12-07 06:40:30.807,99.97,3,99.97,2,99.97,2
2017-12-07 06:42:10.736,99.99,1,99.99,1,99.99,3
2017-12-07 06:42:25.573,99.98,2,99.98,3,99.98,1
2017-12-07 06:46:18.348,99.96,1,99.96,3,99.96,2
2017-12-07 06:47:18.761,99.98,3,99.98,3,99.98,1
2017-12-07 06:49:18.317,99.96,3,99.96,1,99.96,2
2017-12-07 06:49:21.437,99.96,1,99.96,3,99.96,1
2017-12-07 06:56:57.469,99.96,3,99.96,3,99.96,3
2017-12-07 07:00:05.811,99.97,1,99.97,2,99.97,1
2017-12-07 07:02:39.142,99.98,3,99.98,1,99.98,1
2017-12-07 07:04:48.645,99.98,3,99.98,1,99.98,3
2017-12-07 07:05:10.141,99.99,3,99.99,1,99.99,2
2017-12-07 07:05:21.315,99.99,2,99.99,1,99.99,2
2017-12-07 07:07:45.587,99.99,1,99.99,3,99.99,2
2017-12-07 07:08:52.849,99.99,3,99.99,1,99.99,3
2017-12-07 07:09:25.160,99.99,3,99.99,2,99.99,2
2017-12-07 07:11:22.068,99.98,1,99.98,3,99.98,2
2017-12-07 07:11:48.337,99.98,3,99.98,3,99.98,1
2017-12-07 07:13:34.545,99.98,1,99.98,2,99.98,1
2017-12-07 07:17:06.234,99.98,1,99.98,3,99.98,3
2017-12-07 07:17:27.598,99.98,3,99.98,2,99.98,1
2017-12-07 07:17:34.426,99.99,1,99.99,1,99.99,2
2017-12-07 07:20:44.585,99.96,3,99.96,3,99.96,1
2017-12-07 07:21:27.072,99.96,3,99.96,1,99.96,1
2017-12-07 07:21:54.811,99.95,3,99.95,2,99.95,2
2017-12-07 07:22:18.403,99.95,1,99.95,2,99.95,3
2017-12-07 07:24:58.013,99.98,3,99.98,2,99.98,2
2017-12-07 07:28:04.752,99.95,1,99.95,1,99.95,1
2017-12-07 07:29:32.092,99.95,1,99.95,1,99.95,2
2017-12-07 07:30:07.156,99.94,2,99.94,2,99.94,3
2017-12-07 07:31:47.359,99.94,1,99.94,2,99.94,2
2017-12-07 07:35:47.247,99.98,3,99.98,2,99.98,2
2017-12-07 07:38:53.993,99.96,2,99.96,1,99.96,3
2017-12-07 07:42:09.662,99.96,2,99.96,1,99.96,3
2017-12-07 07:43:30.876,99.95,1,99.95,1,99.95,3
2017-12-07 07:46:29.262,99.95,1,99.95,3,99.95,1
2017-12-07 07:46:31.180,99.95,1,99.95,3,99.95,2
2017-12-07 07:48:52.320,99.95,1,99.95,2,99.95,2
2017-12-07 07:50:26.678,99.95,1,99.95,2,99.95,1
2017-12-07 07:50:37.951,99.95,2,99.95,2,99.95,3
2017-12-07 07:52:14.649,99.95,1,99.95,3,99.95,1
2017-12-07 07:52:19.765,99.95,2,99.95,1,99.95,1
2017-12-07 07:52:28.652,99.95,1,99.95,2,99.95,3
2017-12-07 07:53:18.749,99.96,2,99.96,1,99.96,2
2017-12-07 07:53:52.334,99.96,3,99.96,3,99.96,3
2017-12-07 07:58:06.781,99.93,2,99.93,2,99.93,1
2017-12-07 07:58:41.727,99.92,3,99.92,3,99.92,2
2017-12-07 08:00:24.824,99.92,3,99.92,3,99.92,2
2017-12-07 08:00:24.892,99.92,2,99.92,1,99.92,2
2017-12-07 08:01:55.584,99.91,3,99.91,2,99.91,2
2017-12-07 08:03:08.812,99.91,2,99.91,1,99.91,3
2017-12-07 08:03:16.050,99.91,2,99.91,3,99.91,3
2017-12-07 08:05:55.746,99.92,1,99.92,1,99.92,1
2017-12-07 08:08:19.923,99.92,1,99.92,3,99.92,2
2017-12-07 08:08:23.690,99.93,2,99.93,1,99.93,2
2017-12-07 08:13:51.451,99.94,3,99.94,1,99.94,3
2017-12-07 08:15:39.442,99.94,3,99.94,2,99.94,1
2017-12-07 08:16:53.438,99.93,1,99.93,3,99.93,1
2017-12-07 08:17:57.418,99.94,2,99.94,3,99.94,3
2017-12-07 08:19:19.576,99.95,3,99.95,3,99.95,2
2017-12-07 08:20:54.956,99.94,2,99.94,1,99.94,3
2017-12-07 08:21:28.052,99.94,2,99.94,1,99.94,3
2017-12-07 08:27:18.216,99.91,2,99.91,2,99.91,2
2017-12-07 08:29:27.959,99.87,3,99.87,2,99.87,1
2017-12-07 08:30:11.126,99.86,1,99.86,3,99.86,1
2017-12-07 08:30:31.242,99.85,1,99.85,2,99.85,2
2017-12-07 08:30:31.771,99.85,2,99.85,2,99.85,1
2017-12-07 08:30:58.954,99.84,3,99.84,2,99.84,3
2017-12-07 08:31:54.212,99.86,2,99.86,3,99.86,1
2017-12-07 08:33:50.763,99.87,2,99.87,2,99.87,1
2017-12-07 08:35:16.600,99.88,3,99.88,2,99.88,1
2017-12-07 08:36:56.892,99.90,3,99.90,1,99.90,2
2017-12-07 08:39:28.926,99.90,1,99.90,2,99.90,2
2017-12-07 08:41:16.347,99.90,3,99.90,1,99.90,1
2017-12-07 08:41:49.318,99.89,1,99.89,3,99.89,3
2017-12-07 08:43:10.369,99.89,3,99.89,1,99.89,3
2017-12-07 08:46:10.278,99.93,1,99.93,3,99.93,1
2017-12-07 08:46:52.478,99.93,3,99.93,3,99.93,1
2017-12-07 08:47:04.877,99.93,2,99.93,3,99.93,1
2017-12-07 08:47:09.031,99.93,3,99.93,1,99.93,1
2017-12-07 08:48:15.132,99.93,3,99.93,3,99.93,1
2017-12-07 08:48:53.388,99.94,1,99.94,2,99.94,3
2017-12-07 08:48:54.313,99.94,2,99.94,2,99.94,1
2017-12-07 08:57:30.291,99.90,1,99.90,1,99.90,2
2017-12-07 08:57:37.610,99.90,3,99.90,3,99.90,1
2017-12-07 08:59:05.135,99.89,2,99.89,3,99.89,1
2017-12-07 09:01:37.004,99.85,3,99.85,2,99.85,2
2017-12-07 09:02:51.726,99.86,3,99.86,3,99.86,3
2017-12-07 09:04:39.216,99.89,3,99.89,1,99.89,3
2017-12-07 09:04:46.618,99.89,2,99.89,1,99.89,3
2017-12-07 09:06:22.348,99.88,1,99.88,1,99.88,3
2017-12-07 09:09:41.573,99.87,3,99.87,1,99.87,2
2017-12-07 09:10:14.713,99.87,3,99.87,3,99.87,1
2017-12-07 09:10:26.589,99.87,2,99.87,2,99.87,2
2017-12-07 09:10:28.851,99.87,2,99.87,3,99.87,3
2017-12-07 09:10:38.975,99.87,3,99.87,1,99.87,2
2017-12-07 09:10:45.112,99.87,3,99.87,3,99.87,1
2017-12-07 09:11:01.036,99.88,1,99.88,2,99.88,3
2017-12-07 09:11:17.007,99.88,1,99.88,1,99.88,3
2017-12-07 09:12:04.799,99.86,1,99.86,2,99.86,2
2017-12-07 09:12:19.217,99.85,3,99.85,2,99.85,2
2017-12-07 09:13:08.455,99.86,1,99.86,1,99.86,1
2017-12-07 09:17:26.917,99.85,2,99.85,3,99.85,2
2017-12-07 09:24:14.572,99.83,2,99.83,1,99.83,1
2017-12-07 09:28:41.685,99.81,1,99.81,2,99.81,2
2017-12-07 09:29:10.656,99.83,3,99.83,3,99.83,3
2017-12-07 09:31:34.951,99.81,1,99.81,1,99.81,3
2017-12-07 09:34:22.406,99.79,2,99.79,2,99.79,1
2017-12-07 09:34:59.779,99.79,2,99.79,3,99.79,3
2017-12-07 09:35:58.646,99.78,3,99.78,3,99.78,1
2017-12-07 09:36:10.193,99.78,2,99.78,3,99.78,2
2017-12-07 09:37:57.011,99.76,2,99.76,1,99.76,1
2017-12-07 09:41:44.774,99.75,2,99.75,3,99.75,3
2017-12-07 09:42:55.380,99.75,3,99.75,3,99.75,3
2017-12-07 09:43:42.544,99.75,3,99.75,2,99.75,2
2017-12-07 09:46:18.707,99.75,2,99.75,1,99.75,2
2017-12-07 09:46:49.578,99.76,3,99.76,3,99.76,1
2017-12-07 09:47:38.620,99.75,3,99.75,1,99.75,2
2017-12-07 09:47:48.739,99.75,1,99.75,2,99.75,1
2017-12-07 09:48:08.698,99.74,3,99.74,2,99.74,3
2017-12-07 09:50:10.596,99.73,1,99.73,1,99.73,1
2017-12-07 09:51:23.194,99.74,2,99.74,2,99.74,1
2017-12-07 09:53:41.467,99.72,1,99.72,2,99.72,1
2017-12-07 09:54:57.039,99.71,1,99.71,2,99.71,3
2017-12-07 09:56:53.536,99.73,1,99.73,1,99.73,3
2017-12-07 10:01:56.689,99.74,3,99.74,3,99.74,3
2017-12-07 10:02:01.039,99.74,2,99.74,2,99.74,1
2017-12-07 10:02:47.856,99.74,3,99.74,1,99.74,2
2017-12-07 10:04:03.038,99.71,2,99.71,3,99.71,1
2017-12-07 10:06:37.252,99.72,2,99.72,2,99.72,3
2017-12-07 10:09:38.969,99.76,2,99.76,1,99.76,2
2017-12-07 10:10:08.790,99.75,3,99.75,3,99.75,2
2017-12-07 10:12:19.837,99.75,1,99.75,1,99.75,3
2017-12-07 10:12:29.459,99.75,1,99.75,2,99.75,3
2017-12-07 10:13:48.333,99.76,3,99.76,1,99.76,1
2017-12-07 10:16:18.430,99.75,1,99.75,3,99.75,3
2017-12-07 10:17:23.546,99.74,3,99.74,1,99.74,2
2017-12-07 10:18:47.040,99.76,1,99.76,1,99.76,1
2017-12-07 10:19:19.422,99.76,3,99.76,2,99.76,2
2017-12-07 10:19:39.099,99.76,1,99.76,3,99.76,1
2017-12-07 10:20:32.626,99.75,1,99.75,3,99.75,1
2017-12-07 10:22:50.418,99.74,1,99.74,2,99.74,2
2017-12-07 10:26:04.537,99.73,2,99.73,3,99.73,2
2017-12-07 10:28:34.464,99.73,3,99.73,2,99.73,1
2017-12-07 10:31:27.841,99.74,2,99.74,2,99.74,2
2017-12-07 10:33:52.122,99.74,2,99.74,3,99.74,1
2017-12-07 10:34:22.757,99.75,3,99.75,3,99.75,2
2017-12-07 10:35:29.204,99.75,1,99.75,2,99.75,2
2017-12-07 10:39:46.570,99.77,1,99.77,1,99.77,3
2017-12-07 10:40:22.189,99.75,2,99.75,3,99.75,3
2017-12-07 10:40:43.582,99.75,2,99.75,3,99.75,1
2017-12-07 10:42:48.281,99.77,3,99.77,3,99.77,2
2017-12-07 10:43:41.226,99.79,1,99.79,1,99.79,1
2017-12-07 10:43:42.615,99.79,3,99.79,2,99.79,2
2017-12-07 10:48:46.507,99.83,3,99.83,2,99.83,3
2017-12-07 10:48:51.169,99.83,2,99.83,3,99.83,3
2017-12-07 10:49:02.241,99.83,2,99.83,2,99.83,2
2017-12-07 10:49:54.231,99.83,2,99.83,2,99.83,1
2017-12-07 10:55:00.355,99.80,1,99.80,2,99.80,2
2017-12-07 10:56:41.882,99.82,2,99.82,3,99.82,2
2017-12-07 10:58:28.210,99.82,1,99.82,3,99.82,3
2017-12-07 10:59:03.156,99.82,3,99.82,1,99.82,2
2017-12-07 11:00:45.729,99.80,2,99.80,1,99.80,1
2017-12-07 11:02:32.747,99.80,2,99.80,2,99.80,2
2017-12-07 11:05:03.008,99.82,2,99.82,2,99.82,2
2017-12-07 11:05:32.935,99.81,3,99.81,3,99.81,2
2017-12-07 11:07:45.719,99.81,3,99.81,3,99.81,1
2017-12-07 11:08:09.116,99.81,3,99.81,1,99.81,1
2017-12-07 11:09:09.156,99.80,2,99.80,1,99.80,1
2017-12-07 11:13:41.342,99.82,2,99.82,2,99.82,1
2017-12-07 11:14:14.774,99.84,1,99.84,2,99.84,3
2017-12-07 11:16:18.631,99.87,3,99.87,3,99.87,1
2017-12-07 11:18:06.188,99.90,1,99.90,3,99.90,3
2017-12-07 11:19:09.545,99.90,3,99.90,3,99.90,3
2017-12-07 11:19:18.443,99.91,2,99.91,1,99.91,1
2017-12-07 11:19:21.838,99.91,3,99.91,1,99.91,2
2017-12-07 11:20:21.527,99.90,1,99.90,1,99.90,2
2017-12-07 11:24:17.060,99.95,1,99.95,2,99.95,1
2017-12-07 11:26:03.747,99.94,2,99.94,3,99.94,3
2017-12-07 11:26:36.588,99.93,3,99.93,3,99.93,1
2017-12-07 11:28:23.757,99.94,1,99.94,2,99.94,3
2017-12-07 11:29:21.627,99.95,1,99.95,2,99.95,1
2017-12-07 11:35:02.051,99.97,2,99.97,2,99.97,2
2017-12-07 11:37:53.923,99.97,1,99.97,2,99.97,2
2017-12-07 11:38:39.468,99.97,2,99.97,3,99.97,1
2017-12-07 11:39:32.070,99.97,3,99.97,1,99.97,3
2017-12-07 11:41:25.936,99.96,2,99.96,1,99.96,3
2017-12-07 11:44:08.367,99.99,2,99.99,3,99.99,1
2017-12-07 11:46:23.324,99.98,3,99.98,2,99.98,2
2017-12-07 11:48:52.801,99.99,1,99.99,3,99.99,1
2017-12-07 11:50:27.677,100.00,1,100.00,3,100.00,1
2017-12-07 11:57:22.132,99.98,2,99.98,2,99.98,1
2017-12-07 11:59:54.381,100.00,1,100.00,2,100.00,1
2017-12-07 12:00:27.422,100.00,2,100.00,1,100.00,2
2017-12-07 12:01:16.423,100.00,1,100.00,3,100.00,3
2017-12-07 12:01:30.775,100.01,3,100.01,2,100.01,2
2017-12-07 12:02:23.173,99.98,2,99.98,3,99.98,2
2017-12-07 12:03:31.244,99.98,3,99.98,2,99.98,1
2017-12-07 12:05:46.303,100.00,2,100.00,3,100.00,3
2017-12-07 12:06:19.553,100.00,1,100.00,1,100.00,3
2017-12-07 12:07:09.536,100.00,3,100.00,2,100.00,1
2017-12-07 12:08:27.763,99.98,2,99.98,2,99.98,3
2017-12-07 12:15:34.575,100.01,3,100.01,3,100.01,3
2017-12-07 12:15:54.872,100.02,2,100.02,2,100.02,2
2017-12-07 12:16:26.332,100.01,3,100.01,3,100.01,3
2017-12-07 12:17:42.524,100.00,1,100.00,1,100.00,1
2017-12-07 12:18:51.509,100.00,1,100.00,2,100.00,1
2017-12-07 12:20:10.925,99.98,3,99.98,3,99.98,3
2017-12-07 12:22:42.591,99.99,1,99.99,2,99.99,3
2017-12-07 12:25:23.644,99.98,1,99.98,1,99.98,3
2017-12-07 12:26:00.249,99.96,1,99.96,1,99.96,2
2017-12-07 12:28:51.208,99.96,1,99.96,3,99.96,1
2017-12-07 12:30:27.653,99.96,3,99.96,2,99.96,3
2017-12-07 12:30:57.099,99.95,2,99.95,1,99.95,1
2017-12-07 12:32:24.886,99.95,2,99.95,2,99.95,3
2017-12-07 12:36:19.001,99.93,2,99.93,3,99.93,2
2017-12-07 12:38:19.946,99.90,2,99.90,1,99.90,1
2017-12-07 12:40:43.349,99.91,2,99.91,1,99.91,2
2017-12-07 12:43:09.143,99.90,3,99.90,3,99.90,3
2017-12-07 12:44:05.168,99.90,3,99.90,2,99.90,2
2017-12-07 12:44:31.169,99.91,3,99.91,1,99.91,1
2017-12-07 12:44:32.775,99.91,3,99.91,2,99.91,3
2017-12-07 12:47:07.097,99.90,2,99.90,2,99.90,2
2017-12-07 12:47:40.610,99.90,3,99.90,1,99.90,3
2017-12-07 12:50:12.556,99.89,1,99.89,3,99.89,3
2017-12-07 12:50:37.421,99.88,3,99.88,3,99.88,3
2017-12-07 12:50:58.079,99.88,3,99.88,3,99.88,3
2017-12-07 12:54:36.928,99.91,3,99.91,3,99.91,3
2017-12-07 12:59:46.808,99.91,3,99.91,1,99.91,1
2017-12-07 13:00:40.508,99.90,1,99.90,1,99.90,2
2017-12-07 13:06:08.096,99.93,2,99.93,3,99.93,1
2017-12-07 13:07:35.686,99.89,2,99.89,2,99.89,1
2017-12-07 13:08:19.669,99.90,2,99.90,3,99.90,1
2017-12-07 13:11:54.017,99.90,1,99.90,3,99.90,3
2017-12-07 13:14:04.601,99.91,2,99.91,1,99.91,3
2017-12-07 13:15:42.312,99.90,3,99.90,2,99.90,2
2017-12-07 13:19:19.351,99.87,3,99.87,2,99.87,2
2017-12-07 13:19:46.349,99.86,1,99.86,1,99.86,3
2017-12-07 13:27:22.266,99.89,2,99.89,3,99.89,3
2017-12-07 13:27:41.163,99.90,3,99.90,1,99.90,2
2017-12-07 13:29:59.767,99.90,1,99.90,1,99.90,2
2017-12-07 13:33:25.607,99.90,2,99.90,2,99.90,1
2017-12-07 13:43:23.705,99.90,1,99.90,2,99.90,2
2017-12-07 13:45:17.583,99.90,1,99.90,1,99.90,3
2017-12-07 13:50:44.992,99.88,1,99.88,2,99.88,3
2017-12-07 13:53:45.472,99.89,1,99.89,2,99.89,2
2017-12-07 13:56:31.513,99.94,3,99.94,3,99.94,2
2017-12-07 13:56:50.368,99.94,2,99.94,3,99.94,3
2017-12-07 14:05:50.955,99.95,1,99.95,3,99.95,1
2017-12-07 14:08:04.254,99.94,2,99.94,2,99.94,1
2017-12-07 14:09:07.901,99.93,3,99.93,1,99.93,1
2017-12-07 14:10:08.585,99.91,1,99.91,1,99.91,3
2017-12-07 14:10:17.396,99.91,3,99.91,3,99.91,2
2017-12-07 14:12:40.085,99.92,3,99.92,2,99.92,1
2017-12-07 14:14:05.165,99.93,3,99.93,1,99.93,2
2017-12-07 14:16:23.692,99.97,2,99.97,3,99.97,3
2017-12-07 14:17:07.075,99.97,1,99.97,3,99.97,2
2017-12-07 14:17:17.160,99.96,1,99.96,2,99.96,2
2017-12-07 14:22:54.953,99.96,1,99.96,1,99.96,3
2017-12-07 14:22:59.577,99.96,1,99.96,2,99.96,1
2017-12-07 14:23:00.311,99.96,1,99.96,3,99.96,3
2017-12-07 14:26:48.203,99.98,2,99.98,1,99.98,3
2017-12-07 14:26:49.283,99.98,2,99.98,2,99.98,2
2017-12-07 14:34:01.603,99.94,2,99.94,2,99.94,1
2017-12-07 14:34:33.092,99.94,1,99.94,1,99.94,1
2017-12-07 14:35:43.082,99.93,1,99.93,3,99.93,3
2017-12-07 14:35:45.396,99.92,2,99.92,3,99.92,3
2017-12-07 14:39:18.059,99.94,2,99.94,3,99.94,3
2017-12-07 14:39:44.949,99.95,2,99.95,2,99.95,3
2017-12-07 14:40:27.262,99.94,2,99.94,3,99.94,3
2017-12-07 14:46:18.144,99.94,2,99.94,3,99.94,3
2017-12-07 14:46:38.601,99.94,3,99.94,2,99.94,1
2017-12-07 14:49:42.181,99.92,3,99.92,2,99.92,1
2017-12-07 14:50:35.364,99.90,3,99.90,1,99.90,1
2017-12-07 14:50:51.790,99.90,2,99.90,1,99.90,2
2017-12-07 14:51:25.914,99.90,1,99.90,2,99.90,1
2017-12-07 14:53:42.980,99.91,2,99.91,2,99.91,1
2017-12-07 14:54:19.962,99.90,1,99.90,3,99.90,1
2017-12-07 14:56:26.221,99.89,3,99.89,3,99.89,3
2017-12-07 14:57:02.914,99.89,1,99.89,2,99.89,3
2017-12-07 14:57:31.259,99.89,1,99.89,2,99.89,2
2017-12-07 14:57:51.157,99.89,3,99.89,2,99.89,1
2017-12-07 14:58:00.569,99.88,2,99.88,1,99.88,2
2017-12-07 15:00:31.505,99.86,2,99.86,1,99.86,1
2017-12-07 15:06:13.053,99.85,1,99.85,3,99.85,2
2017-12-07 15:06:45.767,99.86,1,99.86,1,99.86,3
2017-12-07 15:09:13.073,99.88,2,99.88,2,99.88,1
2017-12-07 15:11:14.004,99.89,3,99.89,2,99.89,1
2017-12-07 15:11:35.586,99.89,3,99.89,3,99.89,3
2017-12-07 15:14:14.398,99.88,1,99.88,3,99.88,1
2017-12-07 15:14:18.530,99.88,2,99.88,3,99.88,3
2017-12-07 15:14:59.848,99.88,1,99.88,2,99.88,1
2017-12-07 15:15:39.689,99.88,1,99.88,1,99.88,1
2017-12-07 15:16:17.837,99.88,2,99.88,3,99.88,1
2017-12-07 15:20:29.634,99.91,1,99.91,2,99.91,2
2017-12-07 15:26:51.020,99.94,2,99.94,2,99.94,1
2017-12-07 15:30:56.462,99.95,1,99.95,3,99.95,3
2017-12-07 15:32:00.758,99.94,2,99.94,1,99.94,1
2017-12-07 15:37:09.302,99.95,1,99.95,2,99.95,1
2017-12-07 15:38:31.647,99.96,2,99.96,2,99.96,3
2017-12-07 15:39:06.457,99.95,1,99.95,2,99.95,1
2017-12-07 15:40:51.221,99.97,2,99.97,2,99.97,2
2017-12-07 15:42:28.931,99.97,1,99.97,1,99.97,1
2017-12-07 15:43:08.487,99.98,3,99.98,1,99.98,2
2017-12-07 15:45:25.768,100.02,2,100.02,1,100.02,3
2017-12-07 15:51:35.455,100.03,2,100.03,2,100.03,2
2017-12-07 15:52:12.317,100.03,2,100.03,3,100.03,3
2017-12-07 15:53:32.525,100.03,1,100.03,3,100.03,3
2017-12-07 15:54:12.584,100.03,1,100.03,2,100.03,3
2017-12-07 15:56:25.178,100.05,1,100.05,1,100.05,2
2017-12-07 16:00:51.411,100.04,2,100.04,3,100.04,1
2017-12-07 16:02:40.145,100.06,3,100.06,2,100.06,2
2017-12-07 16:03:13.901,100.08,1,100.08,2,100.08,2
2017-12-07 16:04:13.041,100.08,1,100.08,3,100.08,1
2017-12-07 16:06:25.692,100.06,1,100.06,2,100.06,2
2017-12-07 16:10:46.898,100.07,3,100.07,3,100.07,2
2017-12-07 16:12:59.203,100.05,2,100.05,1,100.05,1
2017-12-07 16:13:58.621,100.05,2,100.05,3,100.05,2
2017-12-07 16:14:11.616,100.05,3,100.05,1,100.05,2
2017-12-07 16:14:44.084,100.04,3,100.04,2,100.04,1
2017-12-07 16:19:08.137,100.07,3,100.07,3,100.07,1
2017-12-07 16:19:27.155,100.06,1,100.06,3,100.06,3
2017-12-07 16:19:50.132,100.07,2,100.07,1,100.07,1
2017-12-07 16:20:00.974,100.07,1,100.07,2,100.07,2
2017-12-07 16:21:41.108,100.09,1,100.09,3,100.09,1
2017-12-07 16:22:25.434,100.09,3,100.09,1,100.09,2
2017-12-07 16:22:42.695,100.09,1,100.09,2,100.09,2
2017-12-07 16:26:57.863,100.11,2,100.11,1,100.11,1
2017-12-07 16:29:49.853,100.08,2,100.08,1,100.08,2
2017-12-07 16:34:18.649,100.06,2,100.06,1,100.06,3
2017-12-07 16:38:57.699,100.10,1,100.10,3,100.10,3
2017-12-07 16:42:29.936,100.13,2,100.13,2,100.13,1
2017-12-07 16:42:50.187,100.12,1,100.12,2,100.12,2
2017-12-07 16:43:05.026,100.13,1,100.13,1,100.13,3
2017-12-07 16:43:45.031,100.13,2,100.13,1,100.13,1
2017-12-07 16:44:58.409,100.11,3,100.11,3,100.11,3
2017-12-07 16:48:48.572,100.11,3,100.11,1,100.11,1
2017-12-07 16:50:29.615,100.12,2,100.12,2,100.12,2
2017-12-07 16:50:32.844,100.12,3,100.12,2,100.12,2
2017-12-07 16:51:59.003,100.12,3,100.12,3,100.12,2
2017-12-07 16:52:51.262,100.13,2,100.13,1,100.13,3
2017-12-07 16:55:30.159,100.13,2,100.13,1,100.13,1
2017-12-07 16:58:35.163,100.13,3,100.13,3,100.13,3
2017-12-07 17:01:32.177,100.13,2,100.13,2,100.13,3
2017-12-07 17:03:00.757,100.13,1,100.13,3,100.13,3
2017-12-07 17:03:26.552,100.13,1,100.13,2,100.13,3
2017-12-07 17:04:55.144,100.12,2,100.12,3,100.12,3
2017-12-07 17:06:41.715,100.12,2,100.12,2,100.12,2
2017-12-07 17:09:09.912,100.10,3,100.10,1,100.10,3
2017-12-07 17:16:39.839,100.15,3,100.15,3,100.15,2
2017-12-07 17:17:40.855,100.15,2,100.15,2,100.15,3
2017-12-07 17:20:03.119,100.13,1,100.13,2,100.13,3
2017-12-07 17:20:57.170,100.14,3,100.14,3,100.14,1
2017-12-07 17:20:57.947,100.14,2,100.14,2,100.14,2
2017-12-07 17:22:43.918,100.12,2,100.12,3,100.12,2
2017-12-07 17:23:53.067,100.14,2,100.14,3,100.14,3
2017-12-07 17:24:30.481,100.13,3,100.13,2,100.13,3
2017-12-07 17:29:04.863,100.14,3,100.14,2,100.14,1
2017-12-07 17:30:17.888,100.14,3,100.14,3,100.14,1
2017-12-07 17:31:42.806,100.15,2,100.15,3,100.15,3
2017-12-07 17:38:10.553,100.19,3,100.19,1,100.19,2
2017-12-07 17:38:55.894,100.18,2,100.18,3,100.18,2
2017-12-07 17:40:14.388,100.20,2,100.20,3,100.20,2
2017-12-07 17:40:23.171,100.20,3,100.20,1,100.20,3
2017-12-07 17:43:43.266,100.19,3,100.19,1,100.19,3
2017-12-07 17:43:53.236,100.19,3,100.19,2,100.19,2
2017-12-07 17:46:28.340,100.19,2,100.19,3,100.19,1
2017-12-07 17:47:43.139,100.18,2,100.18,3,100.18,2
2017-12-07 17:47:46.617,100.18,3,100.18,3,100.18,3
2017-12-07 17:48:24.257,100.18,3,100.18,1,100.18,1
2017-12-07 17:49:03.417,100.19,3,100.19,3,100.19,2
2017-12-07 17:50:13.124,100.20,3,100.20,3,100.20,1
2017-12-07 17:54:07.980,100.17,1,100.17,3,100.17,2
2017-12-07 17:54:45.984,100.17,2,100.17,2,100.17,3
2017-12-07 17:55:51.734,100.15,1,100.15,2,100.15,1
2017-12-07 17:56:16.801,100.15,3,100.15,3,100.15,2
2017-12-07 17:57:21.360,100.17,1,100.17,1,100.17,3
2017-12-07 18:00:29.532,100.15,3,100.15,1,100.15,2
2017-12-07 18:00:35.120,100.15,1,100.15,3,100.15,2
2017-12-07 18:10:04.227,100.11,3,100.11,2,100.11,3
2017-12-07 18:10:25.385,100.11,3,100.11,1,100.11,2
2017-12-07 18:13:34.812,100.08,1,100.08,2,100.08,1
2017-12-07 18:13:41.655,100.08,1,100.08,1,100.08,1
2017-12-07 18:15:17.320,100.07,1,100.07,1,100.07,3
2017-12-07 18:17:11.446,100.05,3,100.05,3,100.05,3
2017-12-07 18:17:39.057,100.04,1,100.04,2,100.04,1
2017-12-07 18:20:07.616,100.07,3,100.07,1,100.07,3
2017-12-07 18:22:15.443,100.08,1,100.08,3,100.08,3
2017-12-07 18:25:34.088,100.11,3,100.11,2,100.11,3
2017-12-07 18:25:39.915,100.11,2,100.11,2,100.11,1
2017-12-07 18:26:53.609,100.11,1,100.11,1,100.11,3
2017-12-07 18:29:22.747,100.11,2,100.11,1,100.11,2
2017-12-07 18:29:40.871,100.12,1,100.12,1,100.12,3
2017-12-07 18:30:43.295,100.10,3,100.10,3,100.10,1
2017-12-07 18:31:25.797,100.11,2,100.11,2,100.11,1
2017-12-07 18:32:10.141,100.11,1,100.11,2,100.11,3
2017-12-07 18:33:24.404,100.12,1,100.12,2,100.12,3
2017-12-07 18:33:29.849,100.12,3,100.12,1,100.12,1
2017-12-07 18:34:51.693,100.12,2,100.12,1,100.12,2
2017-12-07 18:37:46.681,100.08,2,100.08,1,100.08,2
2017-12-07 18:39:13.448,100.09,3,100.09,2,100.09,2
2017-12-07 18:39:31.226,100.09,3,100.09,2,100.09,3
2017-12-07 18:39:55.374,100.09,3,100.09,3,100.09,2
2017-12-07 18:40:12.746,100.09,2,100.09,2,100.09,1
2017-12-07 18:40:17.028,100.09,2,100.09,2,100.09,2
2017-12-07 18:45:39.419,100.06,3,100.06,1,100.06,3
2017-12-07 18:45:46.104,100.07,3,100.07,2,100.07,3
2017-12-07 18:50:12.466,100.08,3,100.08,1,100.08,1
2017-12-07 18:51:14.389,100.07,3,100.07,3,100.07,3
2017-12-07 18:52:36.395,100.09,3,100.09,3,100.09,3
2017-12-07 18:58:00.624,100.07,1,100.07,3,100.07,1
2017-12-07 19:00:53.791,100.06,3,100.06,1,100.06,1
2017-12-07 19:02:34.912,100.06,3,100.06,2,100.06,2
2017-12-07 19:04:53.256,100.04,1,100.04,3,100.04,3
2017-12-07 19:05:37.650,100.04,3,100.04,1,100.04,1
2017-12-07 19:06:23.390,100.05,1,100.05,3,100.05,3
2017-12-07 19:06:57.089,100.05,3,100.05,1,100.05,3
2017-12-07 19:08:41.528,100.03,3,100.03,2,100.03,2
2017-12-07 19:08:43.388,100.04,2,100.04,3,100.04,3
2017-12-07 19:09:50.477,100.01,2,100.01,1,100.01,3
2017-12-07 19:10:05.992,100.02,2,100.02,1,100.02,1
2017-12-07 19:12:22.283,100.03,2,100.03,1,100.03,3
2017-12-07 19:12:59.149,100.02,3,100.02,1,100.02,3
2017-12-07 19:13:27.892,100.03,1,100.03,3,100.03,1
2017-12-07 19:14:10.189,100.01,2,100.01,1,100.01,3
2017-12-07 19:16:41.848,100.00,2,100.00,3,100.00,3
2017-12-07 19:19:59.252,100.00,3,100.00,3,100.00,3
2017-12-07 19:25:44.711,100.01,2,100.01,3,100.01,2
2017-12-07 19:27:29.400,100.01,3,100.01,2,100.01,3
2017-12-07 19:30:37.371,100.01,1,100.01,3,100.01,3
2017-12-07 19:30:52.424,100.02,3,100.02,1,100.02,3
2017-12-07 19:32:04.428,100.01,2,100.01,2,100.01,3
2017-12-07 19:32:09.162,100.01,3,100.01,3,100.01,2
2017-12-07 19:33:34.814,100.02,2,100.02,2,100.02,2
2017-12-07 19:33:53.686,100.02,2,100.02,1,100.02,1
2017-12-07 19:34:15.770,100.03,3,100.03,2,100.03,2
2017-12-07 19:36:21.165,100.04,1,100.04,2,100.04,3
2017-12-07 19:40:40.751,100.04,3,100.04,3,100.04,2
2017-12-07 19:42:34.805,100.04,1,100.04,1,100.04,2
2017-12-07 19:43:29.997,100.05,2,100.05,2,100.05,3
2017-12-07 19:46:55.817,100.00,2,100.00,2,100.00,2
2017-12-07 19:47:33.464,100.00,3,100.00,3,100.00,3
2017-12-07 19:48:08.539,100.01,2,100.01,2,100.01,2
2017-12-07 19:50:26.845,100.00,3,100.00,2,100.00,2
2017-12-07 19:50:35.290,100.00,1,100.00,1,100.00,3
2017-12-07 19:52:44.701,99.99,2,99.99,2,99.99,2
2017-12-07 19:56:57.259,100.00,3,100.00,2,100.00,2
2017-12-07 19:57:07.348,99.99,3,99.99,3,99.99,2
2017-12-07 19:57:37.564,99.99,2,99.99,3,99.99,2
2017-12-07 19:58:30.968,99.98,1,99.98,3,99.98,3
2017-12-07 19:58:50.286,99.98,1,99.98,2,99.98,1
2017-12-07 19:59:58.459,99.96,3,99.96,1,99.96,1
2017-12-07 20:01:59.656,99.96,1,99.96,2,99.96,3
2017-12-07 20:05:40.124,99.94,3,99.94,3,99.94,1
2017-12-07 20:07:16.699,99.93,1,99.93,2,99.93,2
2017-12-07 20:12:22.774,99.88,2,99.88,2,99.88,2
2017-12-07 20:13:56.738,99.87,1,99.87,2,99.87,3
2017-12-07 20:15:38.754,99.89,1,99.89,2,99.89,1
2017-12-07 20:15:47.716,99.89,3,99.89,3,99.89,1
2017-12-07 20:16:45.992,99.89,2,99.89,2,99.89,3
2017-12-07 20:19:46.361,99.86,2,99.86,2,99.86,3
2017-12-07 20:21:00.179,99.88,3,99.88,2,99.88,2
2017-12-07 20:23:33.852,99.89,3,99.89,3,99.89,2
2017-12-07 20:24:33.164,99.89,1,99.89,1,99.89,3
2017-12-07 20:25:21.088,99.90,1,99.90,2,99.90,1
2017-12-07 20:28:15.894,99.90,3,99.90,2,99.90,1
2017-12-07 20:29:22.565,99.92,2,99.92,2,99.92,2
2017-12-07 20:31:13.616,99.93,2,99.93,2,99.93,1
2017-12-07 20:31:40.263,99.92,3,99.92,1,99.92,3
2017-12-07 20:33:09.865,99.91,1,99.91,3,99.91,2
2017-12-07 20:33:48.452,99.92,3,99.92,2,99.92,1
2017-12-07 20:39:50.866,99.93,3,99.93,2,99.93,3
2017-12-07 20:41:03.570,99.93,1,99.93,1,99.93,2
2017-12-07 20:42:16.919,99.92,1,99.92,3,99.92,2
2017-12-07 20:48:34.266,99.93,3,99.93,3,99.93,1
2017-12-07 20:51:53.735,99.94,1,99.94,3,99.94,2
2017-12-07 20:52:38.474,99.94,2,99.94,1,99.94,1
2017-12-07 20:55:55.866,99.94,2,99.94,1,99.94,2
2017-12-07 20:56:11.264,99.94,3,99.94,1,99.94,1
2017-12-07 20:57:53.353,99.96,3,99.96,1,99.96,2
2017-12-07 20:59:04.555,99.95,1,99.95,1,99.95,1
2017-12-07 20:59:43.346,99.95,2,99.95,3,99.95,2
2017-12-07 21:06:09.182,99.97,2,99.97,3,99.97,1
2017-12-07 21:06:11.021,99.97,3,99.97,2,99.97,1
2017-12-07 21:11:24.375,99.98,3,99.98,1,99.98,1
2017-12-07 21:12:40.677,100.01,3,100.01,2,100.01,1
2017-12-07 21:12:41.589,100.00,1,100.00,3,100.00,3
2017-12-07 21:14:32.506,99.99,1,99.99,2,99.99,2
2017-12-07 21:15:04.433,99.99,1,99.99,2,99.99,1
2017-12-07 21:15:24.322,100.00,3,100.00,3,100.00,3
2017-12-07 21:16:26.337,100.01,3,100.01,1,100.01,1
2017-12-07 21:16:38.999,100.00,1,100.00,3,100.00,1
2017-12-07 21:17:00.816,100.02,1,100.02,3,100.02,3
2017-12-07 21:17:29.322,100.02,3,100.02,2,100.02,1
2017-12-07 21:18:46.091,100.02,1,100.02,1,100.02,3
2017-12-07 21:19:37.376,100.01,1,100.01,2,100.01,3
2017-12-07 21:20:41.369,100.01,2,100.01,1,100.01,1
2017-12-07 21:20:48.789,100.01,3,100.01,3,100.01,2
2017-12-07 21:21:08.089,100.01,1,100.01,1,100.01,3
2017-12-07 21:21:16.718,100.00,1,100.00,2,100.00,3
2017-12-07 21:21:41.457,100.00,1,100.00,2,100.00,1
2017-12-07 21:23:15.279,100.01,2,100.01,2,100.01,3
2017-12-07 21:23:26.855,100.01,1,100.01,2,100.01,1
2017-12-07 21:27:16.422,100.00,3,100.00,3,100.00,1
2017-12-07 21:27:56.046,100.01,1,100.01,1,100.01,2
2017-12-07 21:31:33.718,100.01,3,100.01,2,100.01,2
2017-12-07 21:42:48.771,100.02,3,100.02,3,100.02,3
2017-12-07 21:43:57.156,100.05,3,100.05,1,100.05,1
2017-12-07 21:44:41.490,100.03,3,100.03,2,100.03,3
2017-12-07 21:46:29.431,100.03,3,100.03,3,100.03,2
2017-12-07 21:48:11.510,100.01,3,100.01,2,100.01,2
2017-12-07 21:50:28.646,100.02,2,100.02,1,100.02,2
2017-12-07 21:50:46.655,100.02,1,100.02,2,100.02,3
2017-12-07 21:51:56.331,100.02,1,100.02,1,100.02,1
2017-12-07 21:54:53.882,100.00,1,100.00,2,100.00,3
2017-12-07 21:55:19.820,100.00,3,100.00,2,100.00,2
2017-12-07 21:56:53.341,100.00,3,100.00,3,100.00,2
2017-12-07 22:04:58.322,100.03,2,100.03,1,100.03,3
2017-12-07 22:05:32.888,100.03,2,100.03,1,100.03,3
2017-12-07 22:05:37.678,100.03,2,100.03,3,100.03,3
2017-12-07 22:08:06.823,100.06,3,100.06,1,100.06,2
2017-12-07 22:09:29.063,100.05,3,100.05,3,100.05,2
2017-12-07 22:09:31.382,100.05,2,100.05,2,100.05,3
2017-12-07 22:14:49.350,100.07,1,100.07,1,100.07,3
2017-12-07 22:15:46.723,100.08,3,100.08,3,100.08,3
2017-12-07 22:17:15.886,100.07,1,100.07,3,100.07,2
2017-12-07 22:17:34.007,100.07,3,100.07,3,100.07,1
2017-12-07 22:17:43.972,100.07,2,100.07,1,100.07,2
2017-12-07 22:20:49.320,100.05,3,100.05,1,100.05,1
2017-12-07 22:21:27.217,100.05,3,100.05,1,100.05,3
2017-12-07 22:21:48.881,100.05,2,100.05,3,100.05,3
2017-12-07 22:24:47.608,100.07,1,100.07,1,100.07,3
2017-12-07 22:28:24.459,100.08,3,100.08,1,100.08,2
2017-12-07 22:30:43.646,100.09,2,100.09,2,100.09,2
2017-12-07 22:33:17.850,100.11,3,100.11,3,100.11,3
2017-12-07 22:34:19.713,100.12,1,100.12,1,100.12,3
2017-12-07 22:36:03.959,100.13,1,100.13,2,100.13,3
2017-12-07 22:37:25.865,100.14,3,100.14,1,100.14,2
2017-12-07 22:38:36.906,100.15,1,100.15,3,100.15,1
2017-12-07 22:41:00.022,100.15,1,100.15,2,100.15,2
2017-12-07 22:42:39.849,100.16,3,100.16,3,100.16,1
2017-12-07 22:45:14.855,100.17,3,100.17,1,100.17,3
2017-12-07 22:45:48.238,100.16,2,100.16,3,100.16,1
2017-12-07 22:47:11.414,100.15,2,100.15,1,100.15,3
2017-12-07 22:47:43.250,100.15,3,100.15,1,100.15,1
2017-12-07 22:48:39.221,100.16,3,100.16,2,100.16,2
2017-12-07 22:50:00.498,100.18,1,100.18,2,100.18,2
2017-12-07 22:50:41.627,100.19,3,100.19,2,100.19,3
2017-12-07 22:52:02.200,100.20,3,100.20,2,100.20,1
2017-12-07 22:57:02.033,100.19,1,100.19,1,100.19,3
2017-12-07 23:01:19.915,100.18,2,100.18,3,100.18,1
2017-12-07 23:06:47.359,100.18,2,100.18,2,100.18,1
2017-12-07 23:07:03.070,100.18,3,100.18,3,100.18,1
2017-12-07 23:12:48.188,100.15,2,100.15,2,100.15,1
2017-12-07 23:13:47.681,100.15,1,100.15,3,100.15,1
2017-12-07 23:15:04.712,100.16,1,100.16,3,100.16,3
2017-12-07 23:16:25.002,100.16,2,100.16,2,100.16,1
2017-12-07 23:16:38.054,100.16,2,100.16,2,100.16,3
2017-12-07 23:16:38.640,100.16,2,100.16,2,100.16,2
2017-12-07 23:18:43.369,100.12,2,100.12,1,100.12,1
2017-12-07 23:23:16.308,100.13,3,100.13,1,100.13,3
2017-12-07 23:24:06.514,100.11,1,100.11,3,100.11,3
2017-12-07 23:26:29.996,100.13,3,100.13,2,100.13,3
2017-12-07 23:28:10.106,100.12,3,100.12,2,100.12,3
2017-12-07 23:28:25.642,100.12,2,100.12,3,100.12,1
2017-12-07 23:30:55.815,100.12,2,100.12,2,100.12,3
2017-12-07 23:33:46.647,100.10,2,100.10,2,100.10,3
2017-12-07 23:34:48.090,100.10,1,100.10,2,100.10,1
2017-12-07 23:36:01.536,100.11,2,100.11,2,100.11,3
2017-12-07 23:36:16.376,100.11,1,100.11,1,100.11,2
2017-12-07 23:39:23.168,100.08,1,100.08,3,100.08,1
2017-12-07 23:39:29.154,100.07,1,100.07,1,100.07,1
2017-12-07 23:40:07.583,100.08,1,100.08,2,100.08,3
2017-12-07 23:41:32.199,100.07,2,100.07,1,100.07,3
2017-12-07 23:43:19.743,100.09,1,100.09,1,100.09,3
2017-12-07 23:46:32.437,100.09,3,100.09,1,100.09,1
2017-12-07 23:47:09.093,100.10,3,100.10,3,100.10,2
2017-12-07 23:48:00.596,100.12,2,100.12,1,100.12,2
2017-12-07 23:49:02.684,100.11,1,100.11,2,100.11,2
2017-12-07 23:49:49.264,100.10,3,100.10,1,100.10,3
2017-12-07 23:50:18.258,100.10,2,100.10,1,100.10,2
2017-12-07 23:50:26.505,100.11,2,100.11,2,100.11,3
2017-12-07 23:52:32.027,100.08,3,100.08,2,100.08,3
2017-12-07 23:52:39.979,100.08,2,100.08,3,100.08,3
